,G1,G2,G3,G4,G5,G6,G7,G8,G9,G10,G11,G12,G13,G14,G15,G16,G17,G18,G19,G20,G21,G22,G23,G24,G25,G26,G27,G28,G29,G30,G31,G32,G33,G34,G35,G36,G37,G38,G39,G40,G41,G42,G43,G44,G45,G46,G47,G48,G49,G50,G51,G52,G53,G54,G55,G56,G57,G58,G59,G60,G61,G62,G63,G64,G65,G66,G67,G68,G69,G70,G71,G72,G73,G74,G75,G76,G77,G78,G79,G80,G81,G82,G83,G84,G85,G86,G87,G88,G89,G90,G91,G92,G93,G94,G95,G96,G97,G98,G99,G100
G1,1,0.281814653,0.278982862,0.324625061,0.250662009,0.23491696,0.199781768,0.27628754,0.207693328,0.295518995,0.319968799,0.216255023,0.256741363,0.285562718,0.243345727,0.327466899,0.237380022,0.213770175,0.258473242,0.216351887,0.285269183,0.31297067,0.420624913,0.394208283,0.254753251,0.274659106,0.216065335,0.34762212,0.458822775,0.232951239,0.409516456,0.234700164,0.237637946,0.281384049,0.225836171,0.331265375,0.440149937,0.207715075,0.217082105,0.187398385,0.310600351,0.308244736,0.267165047,0.322300012,0.199348921,0.281192356,0.371525454,0.367420158,0.30694333,0.268999338,0.259571617,0.231553569,0.288522769,0.229253426,0.222276448,0.272618599,0.29185743,0.272655122,0.33825792,0.325856881,0.4333191,0.334411705,0.227676776,0.20004575,0.281133538,0.27127787,0.245710083,0.30256121,0.460037673,0.253949764,0.425323574,0.485894206,0.436566968,0.537826985,0.396989894,0.398122422,0.36303496,0.220491424,0.227736444,0.214574771,0.293258687,0.233806988,0.229699957,0.226421178,0.22362302,0.278523814,0.299476076,0.242388307,0.322140679,0.305578034,0.221302402,0.220032506,0.198874489,0.192274272,0.228240884,0.223707292,0.177066515,0.265976048,0.232920637,0.228375121
G2,0.281814653,1,0.209289193,0.284770488,0.227833443,0.278382297,0.235813951,0.224286243,0.275518338,0.214621903,0.239183861,0.193728382,0.182048478,0.248824307,0.221986196,0.235714652,0.241491457,0.217342599,0.255527561,0.252791735,0.191658733,0.233167015,0.279809795,0.289695254,0.260023343,0.222655106,0.272376282,0.206295191,0.216231438,0.283774962,0.239910944,0.199402724,0.244409879,0.277418229,0.23273091,0.245512209,0.199555376,0.186214324,0.206467548,0.212211702,0.186032638,0.230989128,0.188294701,0.235749289,0.248747071,0.205103953,0.218912578,0.231891391,0.234824228,0.175887089,0.246867638,0.219673357,0.231524173,0.212121915,0.296834344,0.267968636,0.238215036,0.199246696,0.242593616,0.245771353,0.232642647,0.212955887,0.24082266,0.228015492,0.206541213,0.22167087,0.212422075,0.259390776,0.278165955,0.192120357,0.2288922,0.265517193,0.228457996,0.276705763,0.245337493,0.242760007,0.253458094,0.183362023,0.201003088,0.20944185,0.210443562,0.226254528,0.237017768,0.231850281,0.239890539,0.220818507,0.240919261,0.260328473,0.282131979,0.194920612,0.211266121,0.259363361,0.233263197,0.207578854,0.247182731,0.224600439,0.244226744,0.22026964,0.210771942,0.209857138
G3,0.278982862,0.209289193,1,0.290546293,0.190068004,0.258211709,0.186705139,0.247242324,0.220746041,0.218190567,0.22973505,0.176365515,0.181049425,0.239370763,0.201732206,0.263397013,0.283358364,0.225656254,0.232314863,0.193520816,0.215835065,0.24061927,0.288345488,0.309090142,0.29884718,0.193374224,0.219342609,0.236166961,0.2159625,0.198887853,0.24183646,0.241197231,0.243357273,0.197437913,0.214030538,0.212525732,0.237663111,0.225341575,0.237089765,0.194285721,0.21885623,0.176818826,0.232165588,0.262017876,0.258547486,0.239361482,0.289871367,0.272491963,0.234295633,0.251546141,0.241239586,0.202079583,0.253100104,0.237749275,0.209459209,0.215864046,0.290593277,0.215868464,0.258845309,0.202088883,0.259680172,0.249484367,0.193538384,0.247925212,0.273557883,0.217002049,0.218371482,0.232179883,0.259842664,0.171370413,0.258966461,0.25554279,0.248764615,0.279374039,0.237672222,0.281425442,0.339763859,0.215102471,0.223102465,0.205450137,0.242165125,0.21757086,0.250873041,0.205825328,0.214573807,0.2101892,0.229892398,0.264678341,0.254504305,0.213111099,0.196130895,0.189607385,0.206798313,0.249316278,0.238693485,0.226711764,0.232562561,0.178443857,0.238294031,0.204549896
G4,0.324625061,0.284770488,0.290546293,1,0.220861161,0.249860061,0.199236758,0.308881455,0.30803962,0.269585524,0.245627566,0.23760589,0.207746981,0.232046196,0.219424704,0.236056586,0.273122562,0.21307244,0.235295999,0.198419219,0.239154694,0.259710862,0.425452955,0.405831067,0.21328229,0.185099171,0.241636065,0.256179203,0.249310811,0.237606433,0.260642191,0.225639095,0.208050781,0.253822712,0.244273981,0.252682859,0.245533301,0.245809944,0.203839427,0.203327531,0.27125705,0.234762061,0.337269525,0.204515744,0.240614782,0.269973071,0.251211613,0.29249191,0.26270787,0.254824384,0.267397663,0.257812714,0.291070994,0.216584659,0.259686061,0.211278584,0.252356142,0.216230161,0.23486621,0.272740915,0.294343392,0.274326612,0.232517149,0.248247119,0.236732772,0.223620792,0.261226985,0.255737381,0.318414758,0.257255234,0.304229749,0.350961262,0.267897554,0.481519762,0.213976984,0.370012645,0.324609817,0.219110745,0.224330845,0.224802571,0.253616201,0.236110517,0.301002206,0.21012579,0.231279767,0.271085037,0.207928691,0.250882921,0.322839958,0.259947969,0.20588149,0.233593305,0.269293214,0.231855902,0.24232113,0.20929171,0.227743236,0.217649036,0.215709192,0.249275705
G5,0.250662009,0.227833443,0.190068004,0.220861161,1,0.28247088,0.226828234,0.214489104,0.253599626,0.244308705,0.28231932,0.237298088,0.17242157,0.274367534,0.292936772,0.356026175,0.287333069,0.213089018,0.208251456,0.262719468,0.239426493,0.202712401,0.202026251,0.25045156,0.217700401,0.218320439,0.234076855,0.239418888,0.199950655,0.19644704,0.220230487,0.21380162,0.241795857,0.200275462,0.183363079,0.280229453,0.243689612,0.195417167,0.23942518,0.213849944,0.205694887,0.226577564,0.233079944,0.219023951,0.214864706,0.22198123,0.228452912,0.212551237,0.21649414,0.234422032,0.242345522,0.207640361,0.231541414,0.222247818,0.222324208,0.203878825,0.192478993,0.213140265,0.228726318,0.226541642,0.187906939,0.204140498,0.265681832,0.228783037,0.234575878,0.236172635,0.209914638,0.234582402,0.203492893,0.213439003,0.200785426,0.186550502,0.203235923,0.202243217,0.288732134,0.191468528,0.21539483,0.218119941,0.190173793,0.233141609,0.223476686,0.212933476,0.206745766,0.252320442,0.164572007,0.281498573,0.199186386,0.248698527,0.186889754,0.19412288,0.236237773,0.266511025,0.231807597,0.198201271,0.201278641,0.237609069,0.247839008,0.309490499,0.29069656,0.240270636
G6,0.23491696,0.278382297,0.258211709,0.249860061,0.28247088,1,0.211431913,0.207120058,0.27823748,0.270718788,0.279402982,0.290322375,0.193726652,0.356119054,0.237007721,0.285932187,0.313873442,0.216143978,0.223042604,0.225022733,0.260139219,0.219197583,0.258208466,0.190089858,0.230532761,0.211389502,0.239393949,0.23173347,0.233708609,0.22913316,0.228702963,0.234244775,0.185725716,0.205153561,0.22082422,0.290586488,0.215669319,0.214239834,0.279466504,0.200695348,0.243432396,0.251762543,0.276993791,0.265136823,0.213009945,0.19480279,0.216601643,0.192141583,0.203468805,0.330247889,0.216568253,0.21530195,0.224640557,0.274731383,0.214389671,0.30405488,0.293467958,0.255430572,0.207331266,0.243107849,0.251189538,0.259509346,0.215385734,0.240533802,0.25390786,0.306003289,0.207555372,0.214497941,0.202009293,0.254193302,0.306682752,0.232471721,0.25018066,0.255547652,0.230154742,0.270010229,0.232762598,0.230022464,0.195513668,0.230741242,0.230793447,0.266847661,0.259320143,0.235527041,0.241599983,0.307398328,0.214247879,0.209172586,0.179871213,0.241970753,0.220073694,0.225971026,0.222337287,0.193327004,0.224794499,0.201553898,0.2023533,0.231243997,0.286142606,0.232479374
G7,0.199781768,0.235813951,0.186705139,0.199236758,0.226828234,0.211431913,1,0.211897816,0.207065546,0.206863684,0.19805356,0.226497975,0.232236742,0.224657993,0.196557608,0.256930354,0.214262313,0.250307343,0.190346191,0.213741587,0.170393042,0.217757318,0.222681708,0.241300622,0.225028881,0.217854,0.187104236,0.235070397,0.171556607,0.221968585,0.185187854,0.196381945,0.209992304,0.21228486,0.272987459,0.210811584,0.222224813,0.225198781,0.198710811,0.2253878,0.207096294,0.199865526,0.242365854,0.211047946,0.245566755,0.211054791,0.19085188,0.220839608,0.188682386,0.200809597,0.223887793,0.25450711,0.234697148,0.199512282,0.232405677,0.208668241,0.213352654,0.235888828,0.217985111,0.205568355,0.253127222,0.215925841,0.235940454,0.21825638,0.228367994,0.252210094,0.210215171,0.209456521,0.197254753,0.22351694,0.218348917,0.205666473,0.226591662,0.256765967,0.207081935,0.21532637,0.19140838,0.212292166,0.246247416,0.218203709,0.20211585,0.203387849,0.21067341,0.206049068,0.1989819,0.21634165,0.208567664,0.19778245,0.254132258,0.187603489,0.201543559,0.177190641,0.179568836,0.200708651,0.202379067,0.188520822,0.205601712,0.245038905,0.20712169,0.241217746
G8,0.27628754,0.224286243,0.247242324,0.308881455,0.214489104,0.207120058,0.211897816,1,0.279516941,0.223311804,0.267985214,0.219993573,0.216856243,0.210564537,0.241987106,0.324102452,0.227291152,0.284241704,0.213925425,0.296361838,0.250062664,0.317902591,0.420962074,0.339012407,0.260790676,0.242572426,0.228156778,0.268968881,0.346266803,0.224815936,0.326229376,0.208350975,0.226241997,0.197880031,0.1801974,0.244911393,0.362550506,0.196680045,0.232029097,0.224279713,0.263504183,0.257818198,0.199501988,0.246581021,0.195020716,0.225295248,0.337203926,0.361557945,0.322845721,0.316430087,0.251678541,0.288731364,0.310786901,0.263354925,0.244504593,0.249811068,0.302628968,0.249933165,0.21069996,0.242285797,0.26895473,0.36945435,0.189143527,0.23309622,0.277108014,0.254150155,0.246996938,0.255442697,0.344202056,0.260389259,0.344146974,0.391858268,0.342273485,0.390592932,0.271890335,0.408875012,0.356038054,0.175555829,0.236671391,0.207294822,0.226863164,0.265370367,0.248717526,0.25385609,0.172017608,0.269560588,0.224041577,0.246467852,0.27812041,0.207981902,0.223022057,0.263467164,0.196417264,0.211758344,0.257925143,0.196042339,0.182921032,0.240858079,0.244129311,0.227480028
G9,0.207693328,0.275518338,0.220746041,0.30803962,0.253599626,0.27823748,0.207065546,0.279516941,1,0.332189359,0.260954776,0.259072816,0.254345969,0.202597853,0.337163466,0.400005631,0.295796116,0.263218218,0.289723269,0.231186306,0.232864913,0.284254245,0.259157135,0.314934903,0.232562035,0.287488635,0.36530931,0.361858525,0.258431953,0.239294588,0.294490228,0.223553637,0.251412751,0.25230923,0.215602795,0.270697816,0.369533432,0.297600841,0.272435045,0.233894162,0.32072962,0.233094413,0.334194645,0.263383382,0.269853815,0.281152054,0.292792097,0.31271369,0.332201446,0.391040572,0.280332925,0.308366857,0.356826409,0.263437288,0.277228605,0.22794446,0.336636654,0.311032686,0.241654718,0.272196409,0.27130455,0.273267668,0.264375199,0.282181095,0.24518059,0.290530154,0.214243746,0.242903801,0.250306754,0.191450748,0.275064247,0.233697571,0.222309104,0.282746146,0.282004945,0.250669627,0.244758709,0.25181037,0.281588547,0.264601852,0.330015223,0.250245422,0.258943656,0.27909551,0.290672952,0.267380048,0.29967596,0.263479789,0.278125268,0.285966333,0.246047475,0.231449499,0.468995594,0.331154748,0.339052268,0.196441344,0.200149926,0.201059239,0.193580167,0.243134673
G10,0.295518995,0.214621903,0.218190567,0.269585524,0.244308705,0.270718788,0.206863684,0.223311804,0.332189359,1,0.196425583,0.29493174,0.198664371,0.390051933,0.251756437,0.28150941,0.279784557,0.2709959,0.303996829,0.232717571,0.256473238,0.220139452,0.230732888,0.229732105,0.22861657,0.201864154,0.222505812,0.355942182,0.236401695,0.239978408,0.281866767,0.212988082,0.218982676,0.199152877,0.246099053,0.21853564,0.271769833,0.24102091,0.344303061,0.181466925,0.221988004,0.236595915,0.659954628,0.473549262,0.281930459,0.279094873,0.251723061,0.256442799,0.270810836,0.310394218,0.252764565,0.241981727,0.316294258,0.198368426,0.221325379,0.411186482,0.26719116,0.254799043,0.333891574,0.248353634,0.221581924,0.300324181,0.329659257,0.394740465,0.228463019,0.206438988,0.204676533,0.243539101,0.241599724,0.237606614,0.249163448,0.242273187,0.262452259,0.220380032,0.257497933,0.24492143,0.208334274,0.21454336,0.313722941,0.291061618,0.300209089,0.251672849,0.227164803,0.218696377,0.218902083,0.245645158,0.276995129,0.193761758,0.300971662,0.32990605,0.29608869,0.273751029,0.342290442,0.352828612,0.308499157,0.236313188,0.175369785,0.21261706,0.242180698,0.30384748
G11,0.319968799,0.239183861,0.22973505,0.245627566,0.28231932,0.279402982,0.19805356,0.267985214,0.260954776,0.196425583,1,0.275626702,0.234275789,0.273547315,0.299634374,0.334433784,0.286077345,0.25838499,0.205977911,0.314885353,0.235722692,0.232836209,0.249790123,0.252574308,0.242012813,0.247964341,0.234184753,0.245881857,0.296356631,0.215710117,0.267140443,0.238688691,0.224700662,0.230919215,0.24962589,0.272195394,0.267850012,0.245436538,0.261708531,0.199074134,0.223935244,0.216884427,0.236416957,0.270827295,0.255552612,0.218689119,0.246625899,0.244630929,0.240291779,0.222319341,0.263960906,0.213534519,0.281054265,0.221770078,0.210147652,0.220934373,0.249688362,0.240196293,0.316878116,0.253955124,0.273381091,0.243855735,0.185587426,0.259829549,0.175208457,0.205006047,0.209393752,0.220168139,0.253525232,0.19333483,0.240085319,0.271826704,0.276982105,0.316732467,0.314058669,0.272989119,0.293627915,0.241602534,0.217895999,0.26472397,0.231335555,0.241001298,0.259484694,0.204301806,0.21136459,0.324123535,0.275430827,0.249964524,0.207279946,0.334219343,0.228600107,0.262080558,0.209146336,0.262593159,0.272244859,0.231295778,0.229564318,0.24765925,0.224189398,0.267129415
G12,0.216255023,0.193728382,0.176365515,0.23760589,0.237298088,0.290322375,0.226497975,0.219993573,0.259072816,0.29493174,0.275626702,1,0.170268966,0.281145564,0.280516531,0.189631776,0.209913298,0.19407943,0.213893478,0.236615331,0.21413769,0.251711531,0.220536406,0.227610135,0.260696557,0.236632619,0.207871775,0.203865451,0.204615935,0.202284266,0.235245387,0.19407848,0.221502859,0.220196303,0.222548442,0.19424192,0.226378937,0.244866641,0.214287295,0.235901826,0.216211684,0.241811921,0.258708627,0.289988203,0.210761242,0.25889578,0.218613418,0.215025851,0.269176055,0.275060686,0.20774994,0.201590024,0.32596987,0.243864575,0.209593067,0.242308057,0.308439783,0.234331857,0.331928405,0.267792972,0.257866126,0.227517244,0.200470933,0.214733543,0.200654085,0.194079637,0.246001349,0.220571625,0.243613369,0.204270401,0.211431747,0.197295862,0.183451942,0.207205482,0.221142006,0.234659568,0.201262319,0.206521311,0.207279106,0.208047527,0.21311039,0.235516415,0.257234248,0.190662592,0.250333304,0.300773065,0.262352924,0.27334425,0.201446519,0.225723878,0.209769171,0.299595418,0.224678994,0.230811659,0.272050056,0.198854688,0.20127493,0.196434282,0.277548094,0.229688461
G13,0.256741363,0.182048478,0.181049425,0.207746981,0.17242157,0.193726652,0.232236742,0.216856243,0.254345969,0.198664371,0.234275789,0.170268966,1,0.219899474,0.203392248,0.223926463,0.273978418,0.226654965,0.248758455,0.192339529,0.215903776,0.200466895,0.212855829,0.172351969,0.221711944,0.254284439,0.167621294,0.255679527,0.209798597,0.205445714,0.236470691,0.160099668,0.226299386,0.20072619,0.210047452,0.212085151,0.225328492,0.20850544,0.201884761,0.221567126,0.208668789,0.229521918,0.26676125,0.209401212,0.194455898,0.223017921,0.245319001,0.203149689,0.233792667,0.245937662,0.207270623,0.210325005,0.210598568,0.189575722,0.215737023,0.207068842,0.211882873,0.210226842,0.246142431,0.219521214,0.21417063,0.20432293,0.194903484,0.243472569,0.204114789,0.225850719,0.197823888,0.241148637,0.221031286,0.219023995,0.228106369,0.202205373,0.216647983,0.200025165,0.238385869,0.207703432,0.230527908,0.192210236,0.205037701,0.215865219,0.252329015,0.23773947,0.192905124,0.221611178,0.245334156,0.22298598,0.326167225,0.227180312,0.237346695,0.224791702,0.220241642,0.198552081,0.218525884,0.217588705,0.224727346,0.22932792,0.190332729,0.244110143,0.206988712,0.23412995
G14,0.285562718,0.248824307,0.239370763,0.232046196,0.274367534,0.356119054,0.224657993,0.210564537,0.202597853,0.390051933,0.273547315,0.281145564,0.219899474,1,0.262460697,0.266226367,0.32324548,0.236658192,0.235622056,0.236996509,0.208462457,0.196310809,0.247773271,0.220500356,0.252242306,0.222608394,0.229269936,0.282615877,0.258981279,0.216008881,0.232098889,0.176058739,0.230153879,0.192666384,0.181114614,0.321434414,0.267769059,0.258659897,0.206344688,0.227205396,0.272173916,0.201464238,0.351622402,0.285394884,0.237663892,0.247678893,0.229746535,0.299345463,0.240611035,0.224869871,0.265034898,0.218424846,0.241298722,0.235149151,0.217508987,0.362457894,0.25080999,0.230179745,0.215738202,0.296782446,0.244911411,0.309516175,0.202140287,0.259271603,0.249513435,0.276991085,0.207742845,0.233287766,0.308438519,0.263318131,0.246845392,0.229368076,0.203480487,0.245292259,0.304608673,0.248278824,0.19421725,0.182828928,0.230427353,0.209094447,0.266375724,0.269049455,0.199698003,0.257361191,0.219058632,0.29859772,0.237274341,0.266322097,0.279030149,0.199011229,0.29267111,0.23176597,0.234537459,0.222970601,0.268782928,0.206622006,0.208289259,0.221558644,0.222578456,0.255713078
G15,0.243345727,0.221986196,0.201732206,0.219424704,0.292936772,0.237007721,0.196557608,0.241987106,0.337163466,0.251756437,0.299634374,0.280516531,0.203392248,0.262460697,1,0.316154626,0.335195312,0.211162275,0.24202333,0.237663946,0.205039068,0.210353324,0.209062193,0.254236243,0.24921246,0.217552259,0.26542334,0.240554668,0.225909352,0.219646955,0.238134768,0.269159942,0.229510453,0.200191708,0.239458441,0.229487383,0.222194313,0.206619646,0.21098615,0.203123714,0.282370482,0.223800328,0.240258734,0.217416827,0.237208819,0.201303645,0.230914736,0.184399764,0.25300717,0.248618242,0.25604827,0.234786832,0.303814271,0.244498928,0.228340108,0.226594627,0.204456141,0.305666835,0.276763477,0.227445008,0.195094339,0.194641717,0.229055915,0.253739546,0.249915105,0.207084539,0.195697868,0.216191272,0.23308049,0.209400416,0.208346187,0.228861977,0.235979121,0.225429958,0.247464385,0.231317991,0.211035259,0.217433691,0.355830697,0.251537222,0.280165353,0.211599378,0.224453893,0.225781053,0.280825705,0.281858064,0.251589975,0.249001074,0.212554626,0.228465283,0.233049019,0.241337125,0.247221804,0.29599107,0.202204162,0.230058091,0.186534094,0.270888994,0.231139543,0.23494317
G16,0.327466899,0.235714652,0.263397013,0.236056586,0.356026175,0.285932187,0.256930354,0.324102452,0.400005631,0.28150941,0.334433784,0.189631776,0.223926463,0.266226367,0.316154626,1,0.373967066,0.363774194,0.247702594,0.321295734,0.220019056,0.491901664,0.2899232,0.295621782,0.246202629,0.237787811,0.218387086,0.318859726,0.362664995,0.228061885,0.259304952,0.263380697,0.225038427,0.236813287,0.221086965,0.502726359,0.52463676,0.226606016,0.2871067,0.230194014,0.30664336,0.300865408,0.249011305,0.23987478,0.277699688,0.483175667,0.429918196,0.365690358,0.399575976,0.334124232,0.412371079,0.384972892,0.483571751,0.218856334,0.210361356,0.353744428,0.509232695,0.448691428,0.348016631,0.237879707,0.28719491,0.209830972,0.237827079,0.237867616,0.246072462,0.332147697,0.228448481,0.208092424,0.323910618,0.221232657,0.238693636,0.347892413,0.280374452,0.285079185,0.366881408,0.268697217,0.255886503,0.227723233,0.212104401,0.21512291,0.228295801,0.259393628,0.256715105,0.251387921,0.226450733,0.261379238,0.257264063,0.223849381,0.320669926,0.263789964,0.240836452,0.22891426,0.236162933,0.199844317,0.256228145,0.219741498,0.164336492,0.260980079,0.257943877,0.20150298
G17,0.237380022,0.241491457,0.283358364,0.273122562,0.287333069,0.313873442,0.214262313,0.227291152,0.295796116,0.279784557,0.286077345,0.209913298,0.273978418,0.32324548,0.335195312,0.373967066,1,0.260682339,0.232810593,0.224099937,0.200350164,0.224686128,0.216975195,0.226617746,0.241625799,0.217546708,0.25643272,0.200203397,0.224480822,0.24255718,0.270874425,0.228583628,0.242874355,0.207655102,0.202101859,0.321300537,0.260174778,0.276564005,0.257870788,0.202639578,0.236025108,0.192742802,0.223586981,0.277484128,0.223983257,0.194453347,0.241443425,0.224405344,0.274591567,0.269945103,0.230815762,0.208552666,0.256376386,0.278900514,0.231991979,0.277760228,0.242028763,0.252935469,0.216154761,0.221054677,0.211347345,0.243915457,0.22004381,0.203485754,0.23726167,0.253920761,0.216950232,0.215127538,0.20682472,0.257739489,0.21756651,0.221248738,0.220794028,0.221023431,0.288228075,0.205339317,0.206754406,0.221243314,0.257642445,0.223595287,0.26208098,0.213701297,0.260417704,0.215428081,0.238965381,0.301371612,0.266865117,0.240322733,0.212502688,0.281912123,0.272156478,0.281369836,0.218890214,0.210921176,0.231566058,0.19928541,0.226830654,0.187527072,0.279238342,0.240309194
G18,0.213770175,0.217342599,0.225656254,0.21307244,0.213089018,0.216143978,0.250307343,0.284241704,0.263218218,0.2709959,0.25838499,0.19407943,0.226654965,0.236658192,0.211162275,0.363774194,0.260682339,1,0.241391445,0.20184215,0.208161241,0.457747248,0.269983213,0.270277518,0.230140544,0.29601297,0.234034153,0.363342777,0.245929032,0.270830279,0.201138407,0.207761548,0.217859812,0.216879591,0.200707579,0.239346302,0.333747675,0.201741691,0.179364169,0.203017692,0.226757681,0.243507244,0.23130053,0.220907058,0.250022487,0.364320695,0.387952991,0.428172046,0.320850576,0.319872342,0.33023745,0.485419107,0.402551225,0.244271646,0.247336162,0.403703443,0.424365267,0.348384704,0.301023729,0.355923917,0.196102545,0.241465861,0.283197604,0.220270866,0.229539184,0.256555831,0.20112124,0.254025828,0.278215464,0.27202694,0.233100695,0.260982277,0.245849203,0.281430371,0.224557286,0.267723239,0.241346627,0.233519636,0.228227103,0.216551202,0.234717275,0.234091143,0.217571272,0.252130005,0.19756662,0.221140185,0.210193341,0.247554815,0.218545341,0.247156222,0.221562817,0.210679996,0.251011791,0.20637884,0.210564899,0.205128151,0.18225031,0.206597579,0.22566868,0.206791327
G19,0.258473242,0.255527561,0.232314863,0.235295999,0.208251456,0.223042604,0.190346191,0.213925425,0.289723269,0.303996829,0.205977911,0.213893478,0.248758455,0.235622056,0.24202333,0.247702594,0.232810593,0.241391445,1,0.242045693,0.242146766,0.230943003,0.28015384,0.206431744,0.219326239,0.264232199,0.185274871,0.289783135,0.303658998,0.206222574,0.276279471,0.178421218,0.220592936,0.198771526,0.216415621,0.238618194,0.250879545,0.258041103,0.208197972,0.203767959,0.262545822,0.199173511,0.315333774,0.266198789,0.250882121,0.22632671,0.274412218,0.27103918,0.292430271,0.257315973,0.222900926,0.265481828,0.277149685,0.201271558,0.220520494,0.301849989,0.254662768,0.28567925,0.282778516,0.248139641,0.191543561,0.268433185,0.28769621,0.323900042,0.2699228,0.243456224,0.216760298,0.213859748,0.218393455,0.263127577,0.269538995,0.231208365,0.221434107,0.266192446,0.257063747,0.237503761,0.224002599,0.275956203,0.261840037,0.247687555,0.256014074,0.228140751,0.262184777,0.263092541,0.309429938,0.224240175,0.276433239,0.228671198,0.273231959,0.201281015,0.263752157,0.195476499,0.272843303,0.364690842,0.263724997,0.224513693,0.209415476,0.212865339,0.227012503,0.239172879
G20,0.216351887,0.252791735,0.193520816,0.198419219,0.262719468,0.225022733,0.213741587,0.296361838,0.231186306,0.232717571,0.314885353,0.236615331,0.192339529,0.236996509,0.237663946,0.321295734,0.224099937,0.20184215,0.242045693,1,0.252059754,0.188093619,0.252110158,0.205492512,0.280053198,0.275361331,0.271198363,0.244296411,0.238953076,0.256662592,0.265164332,0.224157799,0.205066269,0.222976203,0.2523857,0.30732737,0.258122842,0.227414655,0.254474041,0.213666718,0.22785992,0.237647526,0.265192638,0.273321527,0.239535156,0.236690644,0.206670973,0.246738434,0.220584853,0.182298192,0.264467202,0.24380727,0.256787493,0.222278052,0.323185885,0.262181605,0.315593775,0.246449156,0.310300402,0.264174189,0.233460902,0.225416693,0.254092231,0.229319374,0.242635356,0.273007603,0.231245363,0.192795878,0.209502367,0.239474152,0.208239664,0.226644813,0.190173927,0.252269131,0.247182487,0.254809787,0.23821411,0.229636883,0.258261907,0.264671364,0.223239588,0.210620838,0.248314561,0.221258613,0.279712865,0.319089393,0.274056004,0.253444071,0.22559312,0.256654414,0.250507073,0.227300332,0.208296134,0.276343756,0.259301064,0.234867703,0.173597369,0.24726914,0.253030892,0.223406189
G21,0.285269183,0.191658733,0.215835065,0.239154694,0.239426493,0.260139219,0.170393042,0.250062664,0.232864913,0.256473238,0.235722692,0.21413769,0.215903776,0.208462457,0.205039068,0.220019056,0.200350164,0.208161241,0.242146766,0.252059754,1,0.188862978,0.221572104,0.206417175,0.23749619,0.333866891,0.287457968,0.252854905,0.208795219,0.346117617,0.230622186,0.237352373,0.253546892,0.251993774,0.229358246,0.333130153,0.256886921,0.194347463,0.263276564,0.241324867,0.256408347,0.307689446,0.281836727,0.213000227,0.188887405,0.221342196,0.217096694,0.224199374,0.230316979,0.225564962,0.243290023,0.223826364,0.211056762,0.265098264,0.275415891,0.226395396,0.197298081,0.219663591,0.199810942,0.342395766,0.262133415,0.313618999,0.185926087,0.211135707,0.297694116,0.280234924,0.208556064,0.279860279,0.265365335,0.313941652,0.285640252,0.213649836,0.207923937,0.219946043,0.339676411,0.254598285,0.234934444,0.21074992,0.22933424,0.246265674,0.257781744,0.251092421,0.221045409,0.279801861,0.199747208,0.271262671,0.193766753,0.225627414,0.212419321,0.229381509,0.213151948,0.195829922,0.207038284,0.293892841,0.265716922,0.22632177,0.213690248,0.392533122,0.426979161,0.219733721
G22,0.31297067,0.233167015,0.24061927,0.259710862,0.202712401,0.219197583,0.217757318,0.317902591,0.284254245,0.220139452,0.232836209,0.251711531,0.200466895,0.196310809,0.210353324,0.491901664,0.224686128,0.457747248,0.230943003,0.188093619,0.188862978,1,0.295794139,0.383976498,0.217247363,0.21130284,0.232549893,0.39510771,0.28717789,0.209319639,0.198381495,0.23496508,0.293992354,0.199459104,0.210885439,0.231534097,0.385569592,0.254186746,0.208952815,0.233612839,0.275255322,0.200235589,0.184985537,0.264354616,0.265722702,0.550236227,0.555810235,0.441929118,0.521160333,0.372854009,0.41235715,0.530157089,0.63086843,0.186757896,0.217209581,0.301970433,0.631184827,0.44445576,0.345556957,0.248161653,0.277743679,0.269539216,0.206439061,0.229491007,0.2195381,0.245564529,0.184472758,0.266891817,0.265997413,0.225282753,0.272495403,0.296722799,0.2581972,0.269860028,0.242619252,0.267536917,0.263712117,0.243962136,0.245522474,0.285464003,0.208670814,0.221727214,0.23158655,0.264815253,0.214417059,0.24710226,0.270519323,0.236533876,0.311397734,0.261565331,0.266793907,0.212057359,0.225083745,0.190260808,0.205144398,0.230273395,0.181135741,0.252503703,0.233610174,0.193465693
G23,0.420624913,0.279809795,0.288345488,0.425452955,0.202026251,0.258208466,0.222681708,0.420962074,0.259157135,0.230732888,0.249790123,0.220536406,0.212855829,0.247773271,0.209062193,0.2899232,0.216975195,0.269983213,0.28015384,0.252110158,0.221572104,0.295794139,1,0.61086987,0.302549394,0.189193755,0.197665068,0.321238151,0.459045386,0.222792122,0.248363599,0.29106378,0.261986233,0.22542298,0.216204958,0.218264014,0.342055771,0.238497676,0.212034436,0.188109277,0.26195774,0.203142557,0.274453299,0.2806945,0.237891347,0.240948229,0.342911307,0.464053652,0.315478404,0.26243409,0.24219483,0.260773487,0.270351839,0.236299796,0.228102319,0.189533775,0.292685899,0.308100123,0.26321198,0.295068674,0.346977008,0.431762744,0.219940712,0.217539258,0.232450254,0.249972446,0.304082333,0.359531231,0.478118425,0.250655059,0.447811437,0.556656144,0.46411555,0.683706353,0.269353704,0.458674077,0.596852221,0.223546214,0.234516202,0.25216433,0.207650579,0.190217338,0.216290054,0.236239742,0.200480184,0.229039018,0.326180329,0.221181396,0.533764383,0.259031206,0.183990469,0.174827599,0.239307517,0.204989921,0.277021879,0.218487321,0.204104323,0.225398061,0.244409137,0.340349712
G24,0.394208283,0.289695254,0.309090142,0.405831067,0.25045156,0.190089858,0.241300622,0.339012407,0.314934903,0.229732105,0.252574308,0.227610135,0.172351969,0.220500356,0.254236243,0.295621782,0.226617746,0.270277518,0.206431744,0.205492512,0.206417175,0.383976498,0.61086987,1,0.274598812,0.212877467,0.261312728,0.35298412,0.337516422,0.244612291,0.275715829,0.269580204,0.231495588,0.277633198,0.207990958,0.277188224,0.362696312,0.203125837,0.254276313,0.211921486,0.227381428,0.223121826,0.251702288,0.252428752,0.213642869,0.311939307,0.442564294,0.395688416,0.346415798,0.208067556,0.247889446,0.309688562,0.321051668,0.269434197,0.281211,0.183460342,0.330363311,0.30451019,0.253566815,0.283792633,0.425242752,0.386734362,0.192193243,0.254737685,0.230104639,0.305015295,0.360585862,0.322174542,0.428789226,0.256546647,0.473235013,0.403992056,0.306228852,0.567271082,0.27786877,0.348234117,0.397703062,0.187408145,0.256237775,0.240084759,0.280565641,0.232475674,0.217027308,0.27357357,0.222034686,0.219876329,0.215891787,0.204155781,0.50796223,0.238969531,0.217864225,0.173179522,0.245863756,0.259083904,0.205782661,0.180259714,0.214023156,0.23579419,0.249817985,0.248254666
G25,0.254753251,0.260023343,0.29884718,0.21328229,0.217700401,0.230532761,0.225028881,0.260790676,0.232562035,0.22861657,0.242012813,0.260696557,0.221711944,0.252242306,0.24921246,0.246202629,0.241625799,0.230140544,0.219326239,0.280053198,0.23749619,0.217247363,0.302549394,0.274598812,1,0.215611519,0.239024863,0.303208392,0.320287997,0.258223736,0.2624245,0.251859679,0.261138021,0.229071938,0.247249954,0.246945133,0.319715719,0.185212778,0.245283923,0.186758547,0.314031311,0.19672652,0.312779573,0.264718831,0.231471575,0.229009932,0.267738605,0.331883017,0.246581042,0.30065922,0.296783085,0.235918051,0.245321621,0.217810893,0.239323633,0.219405763,0.250120211,0.250588181,0.235195466,0.220990576,0.267913085,0.314716803,0.228882444,0.226307684,0.261453174,0.340253377,0.213427275,0.29377407,0.318698206,0.288233542,0.212964672,0.340703047,0.317887069,0.324498036,0.275584639,0.385337807,0.376398648,0.220112876,0.18041129,0.249513741,0.199887223,0.227821697,0.231024293,0.238412769,0.231093707,0.224572813,0.234460776,0.274851926,0.342067968,0.267169066,0.198889882,0.187011166,0.275353737,0.226474867,0.265498645,0.248756821,0.208578448,0.254814625,0.233963081,0.197420284
G26,0.274659106,0.222655106,0.193374224,0.185099171,0.218320439,0.211389502,0.217854,0.242572426,0.287488635,0.201864154,0.247964341,0.236632619,0.254284439,0.222608394,0.217552259,0.237787811,0.217546708,0.29601297,0.264232199,0.275361331,0.333866891,0.21130284,0.189193755,0.212877467,0.215611519,1,0.332528407,0.259525965,0.236753245,0.300611056,0.218027604,0.225185941,0.224051499,0.251752581,0.236218618,0.290776806,0.242076162,0.279154098,0.213065245,0.232119135,0.254924546,0.282987285,0.245070824,0.208074886,0.210880283,0.256889895,0.248261717,0.195019602,0.297188677,0.264825785,0.250508496,0.240964783,0.244867465,0.239189993,0.262310164,0.317888149,0.237515703,0.240499041,0.221943128,0.262510719,0.250308679,0.279118263,0.234875009,0.231065478,0.238480618,0.251627838,0.215387268,0.243403579,0.249498407,0.259996217,0.329441712,0.191547313,0.239089408,0.224218977,0.304117233,0.279761239,0.224211686,0.253388057,0.245439745,0.199539853,0.277750304,0.263956346,0.239253608,0.226909167,0.269125496,0.250559393,0.304624446,0.280820667,0.230990481,0.245763424,0.198934426,0.247522542,0.213303126,0.210264649,0.21230463,0.245691322,0.211361256,0.30573256,0.265649779,0.204230361
G27,0.216065335,0.272376282,0.219342609,0.241636065,0.234076855,0.239393949,0.187104236,0.228156778,0.36530931,0.222505812,0.234184753,0.207871775,0.167621294,0.229269936,0.26542334,0.218387086,0.25643272,0.234034153,0.185274871,0.271198363,0.287457968,0.232549893,0.197665068,0.261312728,0.239024863,0.332528407,1,0.307774067,0.242433262,0.388044034,0.258830688,0.307150198,0.247708879,0.375534787,0.223690091,0.241179496,0.269876939,0.258783279,0.21900172,0.193387446,0.213955567,0.242652877,0.277140182,0.254939207,0.219168552,0.257834827,0.25885447,0.300810262,0.225566391,0.273740817,0.222328983,0.250172823,0.228174385,0.263876216,0.240310551,0.23009193,0.228402956,0.274863159,0.256182229,0.246170608,0.286175281,0.245779816,0.24381109,0.225235287,0.349256537,0.20762311,0.239753291,0.259731075,0.223594295,0.277367115,0.269393307,0.242383346,0.199222018,0.19864195,0.251097319,0.249950751,0.216376541,0.227828195,0.283615082,0.27670586,0.212154113,0.247480353,0.244269064,0.257176425,0.237269208,0.227253109,0.228004045,0.267295076,0.285123512,0.259169068,0.203649848,0.254599832,0.234373219,0.257034065,0.230289328,0.239879378,0.226920365,0.252235817,0.25321673,0.236452785
G28,0.34762212,0.206295191,0.236166961,0.256179203,0.239418888,0.23173347,0.235070397,0.268968881,0.361858525,0.355942182,0.245881857,0.203865451,0.255679527,0.282615877,0.240554668,0.318859726,0.200203397,0.363342777,0.289783135,0.244296411,0.252854905,0.39510771,0.321238151,0.35298412,0.303208392,0.259525965,0.307774067,1,0.372715953,0.247803957,0.291265575,0.28384165,0.246072318,0.237612627,0.239564992,0.265656493,0.373179346,0.288576436,0.31323059,0.215889405,0.309835797,0.290087183,0.292889472,0.340834614,0.258396849,0.382209817,0.3738762,0.386633938,0.407061956,0.315828342,0.272637532,0.267795033,0.316271101,0.350308171,0.259629693,0.241783299,0.366674183,0.459419735,0.278400785,0.302448804,0.282896422,0.407399657,0.279161515,0.354471081,0.295827977,0.300992415,0.198310158,0.275853733,0.306096254,0.318207029,0.301524792,0.301918332,0.292478939,0.352371803,0.410654612,0.333679424,0.35348238,0.278621972,0.339882909,0.359683461,0.269403622,0.256384015,0.286184919,0.268274516,0.251362778,0.293015036,0.284841942,0.256897068,0.313559128,0.283418846,0.223036865,0.251998448,0.296416957,0.365142508,0.353813838,0.232987889,0.217604021,0.276037448,0.30912672,0.224830695
G29,0.458822775,0.216231438,0.2159625,0.249310811,0.199950655,0.233708609,0.171556607,0.346266803,0.258431953,0.236401695,0.296356631,0.204615935,0.209798597,0.258981279,0.225909352,0.362664995,0.224480822,0.245929032,0.303658998,0.238953076,0.208795219,0.28717789,0.459045386,0.337516422,0.320287997,0.236753245,0.242433262,0.372715953,1,0.20527036,0.280784125,0.28660051,0.223350204,0.232660502,0.219464268,0.307185864,0.597474365,0.223238678,0.266621184,0.171149737,0.269427597,0.258104345,0.222341979,0.234872845,0.237234025,0.244310283,0.392861902,0.497429815,0.324696568,0.268745452,0.244933615,0.286913933,0.328535674,0.228529956,0.269459275,0.259275091,0.298708275,0.322898819,0.207257188,0.35402144,0.336614883,0.445949225,0.22399113,0.257869801,0.192532597,0.208325669,0.261423269,0.321237193,0.577690768,0.263553042,0.495999361,0.676246004,0.536505032,0.54778045,0.367604933,0.343929581,0.432755196,0.232897628,0.23869467,0.266490315,0.239183131,0.244449878,0.283030262,0.227158705,0.207085977,0.242481907,0.255016556,0.238526457,0.287598075,0.247550582,0.211705529,0.197016966,0.24170164,0.238326273,0.287828226,0.233898258,0.237119732,0.225491793,0.285456788,0.245007192
G30,0.232951239,0.283774962,0.198887853,0.237606433,0.19644704,0.22913316,0.221968585,0.224815936,0.239294588,0.239978408,0.215710117,0.202284266,0.205445714,0.216008881,0.219646955,0.228061885,0.24255718,0.270830279,0.206222574,0.256662592,0.346117617,0.209319639,0.222792122,0.244612291,0.258223736,0.300611056,0.388044034,0.247803957,0.20527036,1,0.259769037,0.231187854,0.237777499,0.402807021,0.222169262,0.279745817,0.281088554,0.228922381,0.239785852,0.229698208,0.195486219,0.238194102,0.204476502,0.178959049,0.217416126,0.225696872,0.234851493,0.249620483,0.225725563,0.268607649,0.218662926,0.215139027,0.203031571,0.206147808,0.232059431,0.213825105,0.241619143,0.240551611,0.235868073,0.224844389,0.330170518,0.227605738,0.197641167,0.205422428,0.210453892,0.289194972,0.190894254,0.209998342,0.21885107,0.284982013,0.207041759,0.211008934,0.194627388,0.225544253,0.293881973,0.227085381,0.204643877,0.233596276,0.25491904,0.229289171,0.233259987,0.266429365,0.298797534,0.254271843,0.289067791,0.262863052,0.295509545,0.272094233,0.238074259,0.217088843,0.202159066,0.233015376,0.1959379,0.238974541,0.188993755,0.232552826,0.197906836,0.230895391,0.28901048,0.219216379
G31,0.409516456,0.239910944,0.24183646,0.260642191,0.220230487,0.228702963,0.185187854,0.326229376,0.294490228,0.281866767,0.267140443,0.235245387,0.236470691,0.232098889,0.238134768,0.259304952,0.270874425,0.201138407,0.276279471,0.265164332,0.230622186,0.198381495,0.248363599,0.275715829,0.2624245,0.218027604,0.258830688,0.291265575,0.280784125,0.259769037,1,0.248824933,0.214903975,0.211305709,0.187545384,0.340357131,0.26860005,0.254506772,0.264229633,0.241754526,0.275309168,0.335442156,0.2302772,0.370889453,0.234265574,0.222732002,0.291285533,0.219879653,0.247011244,0.291599884,0.323582883,0.237334083,0.221471208,0.198114046,0.219296097,0.26223729,0.246626176,0.265261822,0.358635673,0.302569947,0.317905673,0.297055602,0.240898757,0.286870794,0.277692355,0.309184653,0.199532306,0.275611962,0.239756674,0.298974373,0.273780459,0.289290551,0.219083658,0.270394147,0.270223777,0.249829078,0.260983691,0.261668663,0.268198098,0.207814948,0.308814959,0.269661714,0.277145943,0.236005995,0.235503317,0.276157749,0.258897002,0.228047152,0.328912893,0.225388706,0.244214604,0.246209417,0.255912369,0.252173856,0.278748308,0.238358699,0.218937126,0.26541828,0.224252135,0.235344928
G32,0.234700164,0.199402724,0.241197231,0.225639095,0.21380162,0.234244775,0.196381945,0.208350975,0.223553637,0.212988082,0.238688691,0.19407848,0.160099668,0.176058739,0.269159942,0.263380697,0.228583628,0.207761548,0.178421218,0.224157799,0.237352373,0.23496508,0.29106378,0.269580204,0.251859679,0.225185941,0.307150198,0.28384165,0.28660051,0.231187854,0.248824933,1,0.230961521,0.231991226,0.230593355,0.280245306,0.261172291,0.253567547,0.266377014,0.227318869,0.236276164,0.263705476,0.215774999,0.211949759,0.226556201,0.21137324,0.228569865,0.278084065,0.257073133,0.237455052,0.252818934,0.246892195,0.197838115,0.265139555,0.231976672,0.210752509,0.216928416,0.317506255,0.191386164,0.253165355,0.289193289,0.220633516,0.176478564,0.268027661,0.235731227,0.223968452,0.260515758,0.225002156,0.242388007,0.210368927,0.248447722,0.268821997,0.25896676,0.265086134,0.22226347,0.238940799,0.289831466,0.164358578,0.200982234,0.232156758,0.186863886,0.199704295,0.195836637,0.176159274,0.218086896,0.232835578,0.194431643,0.276073322,0.239221005,0.346548426,0.221707543,0.22731998,0.213673074,0.241824599,0.230355601,0.235544665,0.22070456,0.258398836,0.250457393,0.239872609
G33,0.237637946,0.244409879,0.243357273,0.208050781,0.241795857,0.185725716,0.209992304,0.226241997,0.251412751,0.218982676,0.224700662,0.221502859,0.226299386,0.230153879,0.229510453,0.225038427,0.242874355,0.217859812,0.220592936,0.205066269,0.253546892,0.293992354,0.261986233,0.231495588,0.261138021,0.224051499,0.247708879,0.246072318,0.223350204,0.237777499,0.214903975,0.230961521,1,0.250939268,0.253772497,0.215776467,0.251300716,0.22949463,0.195635236,0.218730924,0.188294781,0.215244126,0.215796492,0.161149302,0.209004422,0.226944279,0.304375489,0.250869952,0.229790963,0.250611009,0.228963474,0.245701821,0.268498581,0.263913345,0.234005838,0.219608486,0.199448748,0.210860082,0.194896811,0.242053227,0.219493504,0.251187529,0.207959927,0.206046128,0.21799664,0.265188985,0.22417936,0.262584751,0.24930945,0.231290412,0.233187947,0.281258329,0.221026171,0.240466655,0.210152262,0.220170632,0.246450151,0.18900519,0.201636266,0.194904243,0.187947917,0.209021442,0.251335354,0.201432621,0.231088542,0.208902451,0.202132494,0.218525589,0.298448316,0.203469295,0.181590094,0.203792836,0.218405261,0.222241305,0.197659925,0.224377895,0.232615803,0.212555905,0.279465776,0.23543258
