,G1,G2,G3,G4,G5,G6,G7,G8,G9,G10,G11,G12,G13,G14,G15,G16,G17,G18,G19,G20,G21,G22,G23,G24,G25,G26,G27,G28,G29,G30,G31,G32,G33,G34,G35,G36,G37,G38,G39,G40,G41,G42,G43,G44,G45,G46,G47,G48,G49,G50,G51,G52,G53,G54,G55,G56,G57,G58,G59,G60,G61,G62,G63,G64,G65,G66,G67,G68,G69,G70,G71,G72,G73,G74,G75,G76,G77,G78,G79,G80,G81,G82,G83,G84,G85,G86,G87,G88,G89,G90,G91,G92,G93,G94,G95,G96,G97,G98,G99,G100
G1,1.0000000000000002,0.3408754602790297,0.4185568059199209,0.45212035588393074,0.5814587844665875,0.34685358441172015,0.36652915337587527,0.33914255291023276,0.21078343980515496,0.40606574320618355,0.26201225163384695,0.29756852107594434,0.40892452631001497,0.43666685581984294,0.3173687968857656,0.35781832479042247,0.3310340728193471,0.20431535776731857,0.40556575139368906,0.29791554889748906,0.3814851933143416,0.2419111806620327,0.26568050974473556,0.23764329140457596,0.27370839143990805,0.38614384281435954,0.2638981622457056,0.2107666427408564,0.23487251293377134,0.2801053926876416,0.3467798256200549,0.24818253742616503,0.3218430227407646,0.2193739844463835,0.5054766972248851,0.29514536597979957,0.29931382959863656,0.25281902171007425,0.28337408308103407,0.21132002465673172,0.32732160704265983,0.30329776528980645,0.2500901409446525,0.47253837552191724,0.2874493261826455,0.3234429110779734,0.27845892465295824,0.23732356233643406,0.3494853423960569,0.3675921137477763,0.42335160508324254,0.24810944713545363,0.46131397413149416,0.3701221815751524,0.458689957725474,0.6904279794012473,0.4058448154128111,0.5464160959219465,0.47850025489776166,0.2611989144966718,0.2440923937128507,0.21790397039097734,0.258231364517932,0.312480336658276,0.301617116882574,0.2565702802469606,0.23654904941273602,0.17945928945836193,0.20789300580470574,0.2404400101577818,0.36341108417533624,0.2107027937811367,0.21510906491786813,0.23256205762909066,0.27303795571950135,0.2740922128544534,0.2741853901039572,0.23097152724367553,0.2938161589973441,0.23591105404422483,0.230439827855959,0.3212894721938363,0.3107197997997294,0.3393563557157312,0.21537241344553015,0.2899373356471116,0.34267839313441895,0.2969295344738954,0.2685232076736092,0.2563570990025392,0.24386452065299438,0.2532854948514694,0.31584131030406326,0.20767559839628497,0.23898114828710754,0.22616738864541697,0.2700120787150055,0.20281783030597622,0.23615901241862214,0.33299596611690724
G2,0.3408754602790297,1.0000000000000002,0.25541948162691486,0.26536104390735343,0.35698009236006123,0.25343919618605404,0.3309218493979125,0.3351938655903938,0.2021539554496771,0.5518617471060913,0.2268780534366586,0.22189617240760678,0.2596647809994715,0.2954372415181407,0.24591587390983483,0.24766849297255852,0.3720579167208682,0.2260573759617528,0.22209120972949897,0.27626106738983786,0.26342192464605557,0.23157554536917174,0.2209385170167744,0.20750493933218445,0.23606868800899147,0.21223369815639292,0.2224430242203473,0.26500766395012626,0.2171273536198092,0.2236413947211708,0.25217928045957333,0.2334539194407509,0.2829436552927219,0.25116160564119955,0.2913033570111602,0.2429559131354756,0.27599771183273347,0.20922807459214401,0.28727927599572284,0.24883591796907312,0.221439190072249,0.2509354827868223,0.2713184924658633,0.35187192562882774,0.20556794808690726,0.2924911779848904,0.2832693747033471,0.20276263041217904,0.24480720093075803,0.27114040198739625,0.2574847331939439,0.20725751555237845,0.3227859488868866,0.24367351231896375,0.32738840566064004,0.33308930479380894,0.30964056138862167,0.3128165625343944,0.373436269509728,0.19282379404916186,0.21831996306185325,0.1889572391850936,0.21506534707066544,0.2157649874937163,0.22664254847250184,0.2378821914230263,0.2842224796935118,0.27551249920740895,0.19417392700567193,0.20494578518626347,0.1835629432007597,0.2724802517860764,0.22167362580197722,0.2878932820412741,0.26098740312150165,0.23769832789191359,0.2278088629668455,0.2610891250722279,0.22718921470203265,0.2603696311102584,0.24256746044921587,0.22163166905741125,0.25293315771252145,0.27988555577157126,0.2609931722750432,0.21560845471516954,0.27337373434364476,0.3296814256398507,0.22020178874749594,0.21033769873332628,0.2218680905817666,0.22447894619232617,0.22633610206152677,0.2716234873791195,0.19652637985609933,0.17913270958208075,0.20832344826697977,0.24886589917273427,0.23138052851541877,0.24849734397387982
G3,0.4185568059199209,0.25541948162691486,1.0000000000000002,0.3259846969419942,0.4997729764106039,0.28632987982159724,0.2185873092708419,0.29916662654202053,0.2228609377569819,0.271495276137443,0.27734116517413815,0.29745435470563514,0.2731264381655524,0.2792129564520493,0.2860760082704577,0.3299387961635904,0.2973365910624245,0.2571326100673348,0.49942818876433254,0.2085155631169276,0.42598264541245645,0.305620193244102,0.2891952095804926,0.26788973359694507,0.2859088495033206,0.262324846449642,0.288930458449267,0.18482043735142287,0.20571543061944175,0.28291890109955997,0.26206313450623436,0.22393219095230404,0.3445103470071601,0.2206058003668547,0.32229166472553944,0.3124123825464425,0.2883125280154705,0.2532307133491718,0.29772993974673395,0.3013144040820434,0.2918254550228704,0.31052152924446663,0.29053706828471404,0.29901462248789157,0.21178835458596246,0.35314083237830524,0.31461014489914163,0.2750104794443685,0.23999187592248516,0.2536759047648628,0.27635148007082555,0.20742215878713308,0.2793561288253892,0.37127284988698356,0.3460520839882328,0.3747772023600735,0.3215312175318151,0.36767017422489917,0.27728873116206765,0.26254299851803276,0.21899172928133162,0.203386764616795,0.2591344153733855,0.26232590233651987,0.19813805646402674,0.23708008838831474,0.23333884606345004,0.25405217667919994,0.20605186280613674,0.2371631795165595,0.2825917696878768,0.28174127377344055,0.2759236202112223,0.2706723101478043,0.18706369324489558,0.24567380414242437,0.35503090952717437,0.2366700061035538,0.28496499325183,0.23775665633174428,0.19829127520219011,0.3281638132452354,0.21530164764244622,0.24460801914281233,0.2549996641546418,0.27241119908836514,0.34540799866213245,0.23507468424434905,0.24590906884196612,0.24034739772693237,0.2789413415251664,0.23427844887787916,0.2540884849192656,0.2611239409509535,0.2838210466699328,0.2570981563725854,0.2592797739865958,0.257130771360951,0.20847712450300704,0.20974389365767565
G4,0.45212035588393074,0.26536104390735343,0.3259846969419942,1.0000000000000002,0.4118859764726411,0.29725225274656475,0.3007583543843326,0.3062526740219755,0.26222075133382405,0.25127934200295327,0.20210883551175574,0.2917765941569256,0.28983590759119277,0.4804098632127413,0.22765712814590064,0.29479050973579646,0.36579275619082485,0.2754363912490837,0.37232647252918505,0.30477300236747706,0.5449456856435524,0.3129858576421068,0.27922796810122713,0.26556794636553027,0.28574720713226076,0.23779090405189676,0.27510464813507063,0.22075888627254947,0.17920043189731044,0.2806632164849359,0.41750910929834895,0.2441970656724428,0.2908583749087745,0.23637058061099875,0.40248925331169927,0.21517306262452138,0.30022286577930535,0.2588767379620832,0.2457527926531494,0.2803373451321587,0.4079077020765045,0.2475173988725024,0.23899622444076102,0.3045531632445212,0.25819840918365666,0.21980869233970227,0.2358579918877034,0.33459601230585023,0.29212599165436837,0.5159263161379484,0.3587533245164611,0.1862692822877699,0.4400794143105112,0.4443120930329837,0.2511337359547139,0.33144348842433263,0.3812042212446791,0.3379536090375977,0.3061728950346435,0.2823753863105167,0.23684600766314085,0.24471211069922874,0.21119724002808593,0.2630687676366961,0.22302103599015233,0.2870416951149784,0.21750570791575607,0.3084232108629433,0.2068971507731594,0.2133198691046395,0.3043255744794665,0.2286695679951068,0.29441659625112915,0.25251896460384465,0.2730887464649151,0.18567617961109034,0.3273217452350685,0.20569423602396536,0.22489785096680842,0.23691580671090823,0.2138970924355043,0.209219071617678,0.21036274097994614,0.24216551032755823,0.2303890267776025,0.25110634093903245,0.34212248021797753,0.29965936332460774,0.22296474393086516,0.22183256648763156,0.21309326453707708,0.30875328754099796,0.290792769601941,0.23656188111640414,0.23795122984322126,0.3048432413558729,0.22174706695163204,0.26784858639326814,0.3028433353451719,0.2973200356398847
G5,0.5814587844665875,0.35698009236006123,0.4997729764106039,0.4118859764726411,1.0000000000000002,0.3640721561116163,0.3302434453113858,0.44706067521841597,0.21214539438885358,0.46733629435253177,0.32283006526152586,0.303218984009314,0.3191480912528367,0.38309304303588754,0.33392908055643794,0.4378559182053132,0.4656855452670829,0.2582270091510292,0.600572922271287,0.2467121964695862,0.6026756456949528,0.3772128322578566,0.3918146778408551,0.233763571350639,0.33620731667774484,0.26243199417464524,0.2872734001477775,0.25152678676057305,0.2410298054914832,0.35269745296490645,0.3637907310296594,0.27399051490948584,0.4034633931687291,0.24154326328971096,0.43259306665453295,0.3294959536572708,0.33687424560954665,0.21840903777928822,0.28211180618915255,0.3842488492864499,0.4061662234646641,0.2630470850758048,0.252472106382028,0.35543291326476645,0.21278426840280196,0.33072816695809804,0.31347382408905666,0.3297517804270111,0.33638294696340015,0.5056347185174948,0.45215293268738727,0.23286960556029135,0.5486722816494003,0.5092810498923187,0.4196480345556914,0.5774120943114076,0.3988475266858455,0.6039722335478017,0.38979420422246824,0.2957994626480046,0.23188485316654753,0.21977230419890031,0.22094187374562904,0.29745081297244164,0.2633305234890624,0.25992728802431486,0.2699835754775774,0.34663160340980637,0.23088624319003306,0.26031155472046563,0.3795388056782256,0.27758031528323474,0.27630041707763936,0.23606987551114172,0.198919327993482,0.29333713685041996,0.38931141421437326,0.32265822778893577,0.31535575691782547,0.26294813802288625,0.2614524424145184,0.26312461930841097,0.25656701222072653,0.3136603294264092,0.22307314237271927,0.29497632079187924,0.5381016349422766,0.29395963372043843,0.2397358158767057,0.3087530882025471,0.23217820678759638,0.2552888178277009,0.2866650181047212,0.31801847415343654,0.24158936588555935,0.30652366268973474,0.23414402735757214,0.3222518272128263,0.27928617800999,0.2501935718740155
G6,0.34685358441172015,0.25343919618605404,0.28632987982159724,0.29725225274656475,0.3640721561116163,1.0000000000000002,0.24778851839461236,0.264909946909115,0.2599532197177872,0.21723943178216967,0.2456610996373252,0.2778011194664353,0.3056598253380949,0.31776876181777625,0.22849827942280287,0.1861707928485069,0.310858707445939,0.2787628006365478,0.3065690796629122,0.22760968812607393,0.38418856917442296,0.30472755720336603,0.22838234271756533,0.2273420636315199,0.27806106612884685,0.27234170447538775,0.20968307564197156,0.23496169676367565,0.20075792091282876,0.2715784756433849,0.22501970832420537,0.25253592105650324,0.2561230321838786,0.25032586783693916,0.3403620024645764,0.26210074760410773,0.23589157040732953,0.21537902102118073,0.25050443031629793,0.2978535992774982,0.25321895326921984,0.2660235666654119,0.17807621706106752,0.3155067973359875,0.28803759752994385,0.2976850617156275,0.2323843119085408,0.2529493304607194,0.2462432405619307,0.286078209224158,0.35417717451758546,0.24701679459551182,0.32808945698871794,0.40976805435148234,0.24170569800968345,0.27284632319745417,0.2899477014854569,0.2988888531271,0.27904580665720047,0.2146079984205782,0.25095041799824597,0.20597941390295485,0.25150547857435984,0.2694138816271642,0.2264738085318103,0.21360470314792665,0.22793884986094076,0.24647772964302297,0.22097069385422977,0.2876097133727328,0.2778314882244438,0.300090441843858,0.27146579481602673,0.2505559542702442,0.24648346246902392,0.1836142850713446,0.24505830231173303,0.20432985779213306,0.2327510597296094,0.23587474980372783,0.24510060283911517,0.24887052184822023,0.2708619007759726,0.30298027925856924,0.2384169461940367,0.25175917390680586,0.33562405305901094,0.31413809338705323,0.2757202623595154,0.2792665741696219,0.23836661578255794,0.258363173961188,0.26022069364551975,0.2749271666451869,0.22691542972155868,0.2863347893460137,0.2597357027581436,0.30426798733437294,0.27032737814498203,0.22728770148720986
G7,0.36652915337587527,0.3309218493979125,0.2185873092708419,0.3007583543843326,0.3302434453113858,0.24778851839461236,1.0000000000000002,0.29367180649048436,0.2371689464605671,0.3823707248221245,0.222700340660578,0.26052800840105766,0.265238060714557,0.3793723214824506,0.27035702891773916,0.2761820555304356,0.2644861392810893,0.21269095835536522,0.24380046425852983,0.29903331458518195,0.31037216966267395,0.17939682719389635,0.2688780523176051,0.2647452636721428,0.17916353701468696,0.23264264264338344,0.25231687925545326,0.1939100114316713,0.2218386096798216,0.3001921731877059,0.2868869958664148,0.2274382291343442,0.23399095259466254,0.22095736115379547,0.3959920996998023,0.2275014414721189,0.20730290935554263,0.27623421166141743,0.2064736745087916,0.2621463699847167,0.24868923623059638,0.21601433866987405,0.2053257338185212,0.34972444991698454,0.2787981245129895,0.22362650497920086,0.22607895386660726,0.21964960599540798,0.2569975964773324,0.24456451079697558,0.2771896045540421,0.2550051921629418,0.25666813379481296,0.24771783734998537,0.3836725385078805,0.3276815365183585,0.3627940371133498,0.35735024811065635,0.34758737395416933,0.23907801250259536,0.28030202329545884,0.24117537280883986,0.27712900594535894,0.2354879943952302,0.19018021685182668,0.20316046693041867,0.21007073738026544,0.23955995793227666,0.20437854791114918,0.212377153949235,0.2501448871161186,0.2004157399206071,0.22048864913526736,0.2627513930628906,0.26029723295741164,0.2486417710421769,0.2365491792345722,0.2167080447150113,0.2932248992117337,0.31457736370147377,0.2722538957400037,0.29143848696035785,0.2466902133427077,0.38021455967769396,0.24965559559129716,0.20686575060636953,0.2840099816083403,0.3451736269115985,0.3119785045358398,0.23643987277304765,0.21741783182768193,0.2497628625318022,0.3028979994670902,0.20574393692103662,0.22487078400317434,0.21274279985037559,0.20954905387010933,0.23454896399775485,0.19456684523764725,0.20533490525276332
G8,0.33914255291023276,0.3351938655903938,0.29916662654202053,0.3062526740219755,0.44706067521841597,0.264909946909115,0.29367180649048436,1.0000000000000002,0.19087519500724764,0.39171246386744,0.37541801203793845,0.2587669015879876,0.2846288268408604,0.34206586553476126,0.30945251312308514,0.4528686973202992,0.34440532247273303,0.2683109433716936,0.30277105200327586,0.25293073060446947,0.33763140691781696,0.24923633318833038,0.3387796999960389,0.2774263300435939,0.24677665445510968,0.2574166394860827,0.21723231844462845,0.226011992749342,0.21734982346567397,0.23929102577085795,0.26152112499066654,0.23997983466852382,0.3575684165430911,0.20195802672697047,0.3851885221357206,0.22984235235984093,0.22224699091078992,0.23125485657675315,0.21770569425337716,0.2835261389442198,0.2777127315604527,0.284028511755382,0.26849815236628805,0.22812639262690404,0.23071923089247956,0.3432935082582561,0.35003747234403193,0.2651028393412307,0.24376942973968543,0.2642083703825368,0.357719693440017,0.23341715671061058,0.3255386821277403,0.29844552784667755,0.3455657022448892,0.30233515942152994,0.3796816413867776,0.4506054853898368,0.33796617611276936,0.24462514350148926,0.20692417579097802,0.22599529238719213,0.21801843652157227,0.3267203716090054,0.2020787546609648,0.22891903177715534,0.2584834165540272,0.309854853079401,0.21739273186424085,0.19146534582018537,0.2231007522094331,0.30184711527642777,0.17615320835005294,0.2055338726794236,0.24208252822092222,0.25218023138397827,0.2628400594468435,0.26661126171470495,0.26053928992457914,0.2899071034434535,0.20580830051872578,0.2511473328381201,0.25960509162589557,0.27381884135353524,0.20903281945990257,0.287868876492118,0.348182198018838,0.24679838278102603,0.2702053238889805,0.23526233573918795,0.37711301167188205,0.22337572556216306,0.3279071626249124,0.29350343631375764,0.23350453336405413,0.21027162041495545,0.21920192900528973,0.3624184278909224,0.2514874990115501,0.2534531557585357
G9,0.21078343980515496,0.2021539554496771,0.2228609377569819,0.26222075133382405,0.21214539438885358,0.2599532197177872,0.2371689464605671,0.19087519500724764,1.0000000000000002,0.24141341337991068,0.2129533559036787,0.24694803029601853,0.24152696739212753,0.2534882902137835,0.26862599415233973,0.23725405009502668,0.2600109297575414,0.1774221391418336,0.2284560539730267,0.21126354325202745,0.2699329838186131,0.25833783427104734,0.21489867392872566,0.20365363973360442,0.26292725281099244,0.2102876294774504,0.21883630139755744,0.23921869382686795,0.20047729437825282,0.22864519734093622,0.1913498765057478,0.21289320318239788,0.2614357822893615,0.2761183768501312,0.22451216814423555,0.21449329458023003,0.21585599216955598,0.2530162893783364,0.21892145855046713,0.20149111352950572,0.21127458732856425,0.2526193901585692,0.2303171452842467,0.2560410783374202,0.2602394817629764,0.21797317489203552,0.21760764367816504,0.20805424053132945,0.16495299311484843,0.23962867970778312,0.2559351232398754,0.20978495585302118,0.25738920686086836,0.21806625605576688,0.2130674532740119,0.2180984752840638,0.2326478386121636,0.2745995702861467,0.26076435357609834,0.199650252056698,0.24361489341711662,0.2200315008516144,0.22691370585716186,0.2549200641115559,0.20353973915393686,0.1935008989387139,0.21011159786837055,0.16603525057759438,0.21829161329873917,0.21927549725902012,0.26720727539159256,0.21837212732482242,0.20684374031070885,0.22377569857637694,0.19992610324712215,0.23968244665842328,0.24414830541940086,0.2466940726196187,0.18689224296924473,0.25801351693126395,0.20331932509814013,0.21171335371088873,0.20841537038658814,0.30759706476070364,0.21977540189380856,0.22763982155022522,0.3087233049030562,0.25091209563871913,0.3620112281429282,0.2591157260767202,0.2608343100710284,0.25052279593547055,0.22744859883987084,0.22201878049696633,0.21451358990706254,0.24359447071364437,0.23928185464176818,0.2116503179710251,0.21492285271764558,0.19070078319987405
G10,0.40606574320618355,0.5518617471060913,0.271495276137443,0.25127934200295327,0.46733629435253177,0.21723943178216967,0.3823707248221245,0.39171246386744,0.24141341337991068,1.0000000000000002,0.2890377282047627,0.2899296049435879,0.30099806645141924,0.34363412450348285,0.2869759234856327,0.2704482612546847,0.4199299796067812,0.26729393889545416,0.22706266014494356,0.2626637387960144,0.32214743343547714,0.23868403510614386,0.2259002521227444,0.23975890961741234,0.205586737228689,0.22925991214484523,0.2873258069639928,0.20645919979837593,0.22740027420842868,0.24217566810236918,0.23649460841967715,0.2462166666164218,0.2410063925275309,0.2554014211669528,0.3945392228713206,0.27425869028228594,0.23151495530217947,0.27635562701278643,0.24739524850924094,0.2616703022724326,0.23127795802329024,0.2746422448754995,0.24447334898582807,0.3851137692185463,0.2538059168203175,0.3545255360233173,0.24625873126513312,0.2072327277742741,0.2550165942266646,0.26332163726366414,0.21950132728524965,0.26846151313781325,0.34594132236662906,0.2682209154926771,0.35342371618201746,0.345258414028753,0.2792473316966647,0.34664876811822737,0.307506024534526,0.22664459365870968,0.2300219772011855,0.21679736226051524,0.21100147236778483,0.24078731296146186,0.21534265555460283,0.1900748641468332,0.2106191614694853,0.29011525155745355,0.1872205331298517,0.22328207084794677,0.23264215074322817,0.23147665628816477,0.18162919564070967,0.26007375989657605,0.2638315766534807,0.24239217455595413,0.2585332140088706,0.26498767298433734,0.2317762538573411,0.3176868611043705,0.2423324405209262,0.25261848623011657,0.21902279018858056,0.2521448555348194,0.2646816789227042,0.24895257808199722,0.2565360551048282,0.26739523772750134,0.34717182649571715,0.22332926060740038,0.29017908732043834,0.23891416801448837,0.26860852140257124,0.18898888704754105,0.23977427019044464,0.23342699984839282,0.26755565140645143,0.26239859022048156,0.20412902897684262,0.18554859085514683
G11,0.26201225163384695,0.2268780534366586,0.27734116517413815,0.20210883551175574,0.32283006526152586,0.2456610996373252,0.222700340660578,0.37541801203793845,0.2129533559036787,0.2890377282047627,1.0000000000000002,0.3148131778059578,0.27011049159853473,0.2518129440374959,0.2881594548639064,0.2899596566333897,0.3337080214949693,0.2472627379777636,0.3362011252543668,0.20461370493441397,0.2973953649251722,0.22442063447965516,0.22312136979771013,0.2366971207151816,0.25085884131286673,0.282214408064027,0.27035914712658304,0.23268977124138307,0.23923543295635488,0.28104043041811944,0.2520361284599152,0.2225877022525793,0.2994379254345314,0.2604874550451188,0.28284933135121754,0.27766402144830477,0.227961500339854,0.2461524131598749,0.2171822379308733,0.21145624484848363,0.25599947542464646,0.2734225974649209,0.21237870719314791,0.22101284260699772,0.1998024678725005,0.24661055794228118,0.24335886177841856,0.22564883231976746,0.23811507647756686,0.27315245779131614,0.23955025124778767,0.2938161410267168,0.2550383197311243,0.2942572522371882,0.2584179389184725,0.25628663293220294,0.26874096953425114,0.31765821010575274,0.23602486212152313,0.23308941185734935,0.25751767483316823,0.23808094400820864,0.27423621739526166,0.31036060401904664,0.27150312740184246,0.20979772984553083,0.24031181892234932,0.20114034398259392,0.1871640952344304,0.17875927712474107,0.29407616569766465,0.23561455533349845,0.2119805326095894,0.223344409193543,0.3017204235030299,0.28525428091326394,0.3556107158691338,0.26192763948671616,0.34191285451751047,0.2680040438985964,0.24353312550809125,0.24996249610586563,0.2717463573926972,0.25697906940726317,0.2312319105494288,0.2780199440019464,0.37701697411698454,0.2602021873122765,0.23328265253272212,0.25170054623811433,0.2505208500432963,0.2539678636090656,0.32147129314713974,0.248567901751722,0.2526147309973723,0.24377919788782576,0.2787819108985866,0.33417901310987275,0.1877472611526447,0.2615137215355406
G12,0.29756852107594434,0.22189617240760678,0.29745435470563514,0.2917765941569256,0.303218984009314,0.2778011194664353,0.26052800840105766,0.2587669015879876,0.24694803029601853,0.2899296049435879,0.3148131778059578,1.0000000000000002,0.2783896893068208,0.44419212970383554,0.23564237861873977,0.24073004739065498,0.3235100046851989,0.22919512925287855,0.3495694379564982,0.20492859808345118,0.32294377578088246,0.33103490216897924,0.21965149850509133,0.21382488143420053,0.2666640119002857,0.27447558885631584,0.2611642388272603,0.24566632164134206,0.21413374165934815,0.2627219562315958,0.26398676256604503,0.2008557184897817,0.2866144367727698,0.2683109678363182,0.34219188762488995,0.3200108426075122,0.2243884094617533,0.22923112840698498,0.27780457095525135,0.2711264630089453,0.3372968578090059,0.25983698134069916,0.26917254984780176,0.2849089110534656,0.24768114261179627,0.26630121256173794,0.23481257114744813,0.2945825713330033,0.23171914678777625,0.3606633541790208,0.26116861135705716,0.23005757021067497,0.32171376281392267,0.2646325803325378,0.2547204414425178,0.24810252816042447,0.36380958437490457,0.2873847814452298,0.2692855193801909,0.2892083780252577,0.2269545734025693,0.20886219471840103,0.23897209931391575,0.2561612057287968,0.2400666291780275,0.22310568817532658,0.3094949891496021,0.23902945919918886,0.25645196171527124,0.2614534918902571,0.25829585168098745,0.29218599145085183,0.2604768259799,0.24372260839114773,0.3023785029259211,0.24970525493438137,0.2549545751244107,0.23798800698235378,0.22921840059803159,0.26578600879645553,0.26052830729188464,0.2694136288798646,0.2798189557610556,0.21662500368863463,0.21346476310081658,0.216073677000741,0.32105485308605536,0.25426651771184566,0.2571301383264345,0.2829972397241056,0.20141731848378142,0.30396669008794397,0.2738963640016424,0.26206367798615376,0.20651182478628,0.2551498386855788,0.24569830969934536,0.22657256655777638,0.1890070832275399,0.23524767950513345
G13,0.40892452631001497,0.2596647809994715,0.2731264381655524,0.28983590759119277,0.3191480912528367,0.3056598253380949,0.265238060714557,0.2846288268408604,0.24152696739212753,0.30099806645141924,0.27011049159853473,0.2783896893068208,1.0000000000000002,0.3304840518126313,0.2663686460120003,0.28569832883873597,0.26470066187465485,0.2833953236988345,0.2905420254400165,0.21844958358074176,0.3315652188538934,0.3176248036756986,0.2598681004876707,0.29992122464145543,0.2362513542472574,0.2827512427524544,0.29759837052873966,0.291041426639766,0.26720616070523867,0.2799072929853126,0.22396837019045326,0.21008130679466763,0.3075548580025597,0.269770331751162,0.29670663086584553,0.34141709076838966,0.21776775264061685,0.2903857636851428,0.24536437583717832,0.3058968751262435,0.283913574532331,0.36199999178764675,0.24439898255627202,0.23007480562856256,0.2007434113607447,0.2671384720075413,0.26433425366954766,0.32452006809682316,0.220410950185186,0.4222026422516806,0.24977573487202118,0.2558300240975302,0.397859246533445,0.33089255866087974,0.26396694194305304,0.4184053497391228,0.287479216057896,0.33455459388588354,0.29532127896866534,0.2663904499363022,0.2573540214587574,0.33747205654751716,0.2791493042531751,0.24717461845381963,0.22620692252871186,0.28067574250657534,0.3168608458735261,0.23163110220144995,0.19585182542615912,0.22278108929637314,0.2561378015218212,0.25551825253450344,0.2570101513476528,0.19918748684462334,0.23249021248483392,0.2786103607106694,0.30599035950607734,0.21655363362141505,0.23145783628484023,0.24678513229332422,0.2906298968362448,0.25198529543327713,0.2542483816856119,0.2704668753127978,0.24149681908416176,0.28946981792793786,0.2828175361607766,0.22965536774305154,0.2456530689434975,0.34848154529807307,0.24578941969860016,0.23804051035054555,0.22675920311996597,0.2661006968928942,0.21049398379910658,0.2669464777098053,0.26509298540928544,0.28134571919102763,0.23317517645637922,0.26130318831406196
G14,0.43666685581984294,0.2954372415181407,0.2792129564520493,0.4804098632127413,0.38309304303588754,0.31776876181777625,0.3793723214824506,0.34206586553476126,0.2534882902137835,0.34363412450348285,0.2518129440374959,0.44419212970383554,0.3304840518126313,1.0000000000000002,0.2704259010198364,0.2872082485966886,0.29226940014787345,0.229595744114826,0.3225702070274115,0.2828291819502286,0.4610483625993959,0.30995155297034094,0.2689848174378231,0.21944985499915004,0.250933678961554,0.25471390544445344,0.2929316328767956,0.20228792352297298,0.2637658523230009,0.25936595529734335,0.31843034843899964,0.2096321073896429,0.35488168666373326,0.21729352284397166,0.458761732354134,0.2596322024121082,0.23921511942384507,0.24053041747996762,0.2761419193269985,0.27353019391816563,0.29563440319039225,0.297059674839511,0.2529511315840759,0.34828572901458105,0.251125662711243,0.28040585537914164,0.25490558093286303,0.280330069868605,0.2993183227525618,0.5030530571709094,0.4551443481639863,0.2339440632297635,0.42047039638784217,0.4011287564682284,0.31470827449659416,0.4002706049923109,0.43607222769734394,0.40408208165661236,0.39413226877554747,0.25933704830167187,0.2547533730868686,0.27250442883043213,0.2501890903754318,0.29701384682113774,0.24337698711622502,0.21283715808293466,0.2915503795891966,0.26806787480676075,0.18281840181559003,0.24785566439669904,0.25823100875877164,0.25459791102429513,0.2439709398071075,0.2538147802483925,0.3052060561969989,0.28798091327162545,0.2809914370200736,0.23733823236681023,0.25265506786263114,0.2739222998875192,0.22197325319849046,0.2575431336313545,0.2846426088176819,0.358224311407723,0.23519683747174192,0.21382802279178928,0.327127293411664,0.35663745097314176,0.30111926439144887,0.2740224390321132,0.31341729751875175,0.30276167209980626,0.3056009894324681,0.2581484271767128,0.20612202131333798,0.23421484011858643,0.24727910147539628,0.32970171697451983,0.24036786320641154,0.29777406194620865
G15,0.3173687968857656,0.24591587390983483,0.2860760082704577,0.22765712814590064,0.33392908055643794,0.22849827942280287,0.27035702891773916,0.30945251312308514,0.26862599415233973,0.2869759234856327,0.2881594548639064,0.23564237861873977,0.2663686460120003,0.2704259010198364,1.0000000000000002,0.2950141880664721,0.2885755277283296,0.19009680244317625,0.31669463634709677,0.24443731191111875,0.28913307372376285,0.2401943220494081,0.23737961692170415,0.2337341316688875,0.2257296531768644,0.2217712929556747,0.26079595559505914,0.23080254429892372,0.21931030180447778,0.20514082520856652,0.21164939159208604,0.2241743607082959,0.3035148008990351,0.2503182775840303,0.28517852347152595,0.37628933945069437,0.2471280729585906,0.26741533521434757,0.22440369441900415,0.20326640650928832,0.2979591824037862,0.3949208560650851,0.2748860606401575,0.2448497382015082,0.27192930502219026,0.2826115325296006,0.2799474972227302,0.24942966496930555,0.1866162186899668,0.282551160291021,0.32722117299598125,0.27118379445064356,0.331972781860838,0.2162450313584705,0.20711005526747928,0.22977032152804064,0.2826432974005017,0.2975072958376872,0.2269929251368301,0.3213629079125098,0.2034253035052925,0.20384250149817734,0.2388000635687376,0.22235754103950509,0.22517963856221104,0.32009106124437264,0.16658249306630715,0.21069331261450566,0.22425591256036911,0.24596794292447102,0.30094352948848624,0.17972942792642857,0.2247916104061905,0.25633794767905466,0.2500292708457941,0.19586073710222016,0.4945754427018125,0.2639843632141715,0.22280027043169562,0.22899264497718178,0.2120628522893851,0.23286558714854846,0.2435566041897612,0.26376220127516237,0.2161667622823913,0.2838993360425025,0.37574239305667817,0.22555943563250336,0.19624710097416648,0.2439454240719036,0.25222874563015346,0.27540775422594566,0.22760439027799223,0.21881505886159222,0.2280084394099474,0.25149181360379547,0.2611536818215041,0.2187256734172839,0.24437022509320375,0.20819134638093706
G16,0.35781832479042247,0.24766849297255852,0.3299387961635904,0.29479050973579646,0.4378559182053132,0.1861707928485069,0.2761820555304356,0.4528686973202992,0.23725405009502668,0.2704482612546847,0.2899596566333897,0.24073004739065498,0.28569832883873597,0.2872082485966886,0.2950141880664721,1.0000000000000002,0.26340738485478316,0.3283276697438309,0.38276677537926423,0.2226566873328932,0.33391743401999424,0.3112985104248032,0.3187501637708238,0.211144668977295,0.23815582605125712,0.23963430365618182,0.28212747423364776,0.28724087079624655,0.23570481383531294,0.25607141501197067,0.2488090853339782,0.22873940870944276,0.25044139628715034,0.23233055050637774,0.3858289047229603,0.4603361545428445,0.3169959485603833,0.2892287950289905,0.23743974287996514,0.29198655981505134,0.24172817064729518,0.32291963146250124,0.28977978177823605,0.261380027658807,0.2527889616925068,0.32267911478634337,0.3542497566862721,0.2820622414486712,0.2220220723417147,0.29664694018815524,0.2944432175872741,0.21715040831474625,0.317171974387302,0.32170156507369835,0.25702098189422834,0.3585383561661099,0.24746984582720283,0.4112879581838996,0.3155153611108362,0.24433925537254625,0.20451223383448444,0.23325344079678018,0.25880806987003474,0.23846165894263754,0.2043301797628319,0.2430047875544216,0.27668832832955187,0.19672768219382997,0.23162580707451583,0.3244053123133208,0.34358687901697044,0.2698675404449345,0.20747382947006388,0.2546073687529173,0.21898591076384677,0.22008645904628027,0.32050201165565806,0.3646075620866279,0.2375488916145237,0.3056657922975708,0.22866913469521988,0.2083425287145703,0.23084612644091076,0.35454189437418265,0.2482599448610048,0.40416046356976637,0.37382806699994275,0.23845414326837372,0.21498701474259563,0.23192618488428163,0.2568327860926253,0.21195898140503777,0.21955600436246858,0.339541604764885,0.2613261236904417,0.2577244709842986,0.19831723562717773,0.21653829265833252,0.2187450979061507,0.28459515531740326
G17,0.3310340728193471,0.3720579167208682,0.2973365910624245,0.36579275619082485,0.4656855452670829,0.310858707445939,0.2644861392810893,0.34440532247273303,0.2600109297575414,0.4199299796067812,0.3337080214949693,0.3235100046851989,0.26470066187465485,0.29226940014787345,0.2885755277283296,0.26340738485478316,1.0000000000000002,0.26062400370441635,0.4240736835115935,0.24857288023653978,0.4385115149818182,0.29934765049761153,0.24055523341055068,0.21759303438348443,0.22987572162081576,0.2559733361611473,0.26128009636386557,0.19922135545399045,0.21195622618191629,0.21824694308894213,0.27805648203767386,0.22548213215321478,0.31027717053695614,0.22019377593472905,0.3069495231988007,0.218194027348301,0.26958476868299985,0.24928774466895165,0.24351945950829784,0.2672298137252248,0.2485853739372955,0.2756500542018851,0.23537570529394292,0.3026888880990788,0.2105767884045457,0.29394755336582495,0.2567611585259488,0.17594599711624836,0.18706262052385975,0.40448316615544566,0.3006074876694736,0.26624369784392654,0.3451292622725566,0.3894822017056749,0.247924165144368,0.34283683196329257,0.26632849301752987,0.26406552942933015,0.24418719319607152,0.25609704988521076,0.24506512825592333,0.2612176059303905,0.20061819297041183,0.3118499947046762,0.22345893750256915,0.330334694693847,0.3183260756522056,0.25996137515741014,0.20745068194064617,0.23192665074787655,0.17644525328105998,0.26137317509403823,0.1959984626819842,0.22136379536811357,0.23147345516612575,0.2659774892427029,0.3519385515795491,0.2543712473070862,0.22662138145461708,0.26555070460946056,0.2179295017523048,0.26100194195957555,0.18746277571707887,0.2715735799014763,0.23639263233166052,0.2771066883753781,0.3872077374918085,0.29348332987599013,0.23766383065531915,0.24654754149739533,0.18383416260298288,0.23782654759508792,0.2571600601577143,0.2820096407161976,0.23436733663698667,0.2679863876501037,0.26027161095494583,0.23336433430776674,0.21592196100594208,0.19908598709502873
G18,0.20431535776731857,0.2260573759617528,0.2571326100673348,0.2754363912490837,0.2582270091510292,0.2787628006365478,0.21269095835536522,0.2683109433716936,0.1774221391418336,0.26729393889545416,0.2472627379777636,0.22919512925287855,0.2833953236988345,0.229595744114826,0.19009680244317625,0.3283276697438309,0.26062400370441635,1.0000000000000002,0.22261552463489928,0.2053179383221344,0.23945500065590686,0.24977659935014063,0.25808652301618346,0.2810322902378595,0.22939130859166526,0.21299894734459313,0.21924738509280883,0.20028820733496094,0.20685241700401322,0.219117744597467,0.2586208429197201,0.21646607008560928,0.22090987765363915,0.18158212510345878,0.24998577471850617,0.23600908027829293,0.28291912372704586,0.21498010493156494,0.29719560656747895,0.23704497248943504,0.20718377252412068,0.20365786610891942,0.27842515202812307,0.3060131335025332,0.24955675829236415,0.23103339969975395,0.27290986416697466,0.2463445875361546,0.23599668336202873,0.24259136796450342,0.2370824094481461,0.20094249356732086,0.22748512994316647,0.3220777289150096,0.24909589292898193,0.26797931723351803,0.2545191329829576,0.3336966587105368,0.21662502775642165,0.2066099806413621,0.21737231818459335,0.24005214290934998,0.22940104164849348,0.20869808161599213,0.20326202958269182,0.22545243726229172,0.24782251990698115,0.26969002489262983,0.21460077682626794,0.22948875528072815,0.251743918304901,0.2331186839987504,0.23119967720459245,0.20570601604802918,0.25378707596442157,0.2561773494505142,0.1946284500560508,0.28780752445975727,0.2605613279917568,0.2216820180872695,0.27032525406256486,0.23125299770556246,0.23388773544668628,0.2534206312978363,0.24802098796855399,0.25397744239045783,0.2757774097261366,0.20229514709929033,0.23302028938609634,0.2129424679651079,0.2854147266780609,0.21167214633850032,0.24075013399646292,0.2735650346211366,0.23467839683279745,0.23548078316779514,0.22096028260445832,0.30823352280335947,0.26196966101938046,0.20145148801473423
G19,0.40556575139368906,0.22209120972949897,0.49942818876433254,0.37232647252918505,0.600572922271287,0.3065690796629122,0.24380046425852983,0.30277105200327586,0.2284560539730267,0.22706266014494356,0.3362011252543668,0.3495694379564982,0.2905420254400165,0.3225702070274115,0.31669463634709677,0.38276677537926423,0.4240736835115935,0.22261552463489928,1.0000000000000002,0.2200042058000487,0.5445671503318379,0.43137393026290183,0.3450431175391954,0.24199831129295263,0.31434519956626866,0.24773756356717275,0.3152888961058288,0.2371339568246827,0.20146009561385833,0.3300708843117296,0.34158881344276015,0.2558674747520372,0.39565646531098625,0.2086048791468275,0.3882504690974229,0.24497493537719772,0.27237451345261715,0.23130703732679594,0.23431427365076846,0.2374130720147994,0.3951805977303447,0.2958624417182123,0.2474419530245966,0.2107747289659238,0.25075139181298217,0.2937640424018443,0.2828145727522037,0.3553775142616793,0.23519659154901768,0.4146705508040608,0.32732021545337575,0.238552845775535,0.42562502392598206,0.44988875547449025,0.24840696306522353,0.318505226741649,0.3141647551903294,0.4100206600713005,0.29678287118528046,0.3345546524309498,0.2338408860413375,0.2188577165202544,0.23261863033522345,0.2594496755478202,0.21305212298141749,0.26134020672425995,0.2903980334317005,0.25294682005517166,0.20794799166041694,0.22314233714780893,0.3077246959963469,0.29171112534541144,0.26094816054490155,0.27483567919465923,0.2221933022655095,0.20843277366434887,0.39008454186066394,0.29367658532317276,0.26027468504405404,0.3262011722614986,0.21433121871752941,0.25605863288509073,0.24497851019567457,0.22325664918604124,0.24047359238474847,0.2995116270231554,0.5205726511869525,0.2723996646482786,0.2711331723014744,0.22431553425534598,0.2508007214544099,0.26145569084175924,0.19424996249909196,0.32546671200641253,0.28255539575663735,0.3539896434653177,0.24047685498716856,0.2723672064194471,0.27694005613572126,0.2064774728960118
G20,0.29791554889748906,0.27626106738983786,0.2085155631169276,0.30477300236747706,0.2467121964695862,0.22760968812607393,0.29903331458518195,0.25293073060446947,0.21126354325202745,0.2626637387960144,0.20461370493441397,0.20492859808345118,0.21844958358074176,0.2828291819502286,0.24443731191111875,0.2226566873328932,0.24857288023653978,0.2053179383221344,0.2200042058000487,1.0000000000000002,0.2583122944360816,0.24518125807977956,0.17757724230849145,0.2589864422945238,0.20893707365652564,0.1704182425091989,0.23785873217968512,0.23767115211446535,0.24633778388391306,0.20708542462472118,0.22342580848487897,0.23007976089307824,0.23082398573675952,0.19808513833142025,0.3757524532999555,0.2379304014745364,0.20794915690634785,0.25060018849990906,0.16784232192374876,0.2316246601812098,0.1948957212946716,0.2501255706618857,0.22594080444105805,0.3305682591303823,0.20930638909785387,0.22441154620707593,0.20699648750964372,0.24485912909257074,0.2346373863319024,0.2465616849098757,0.24452073549673,0.24892089507593487,0.24345448220212026,0.22303907637048287,0.28687737217612946,0.2822788642731422,0.25406998665724156,0.2757741246262111,0.2179758899570988,0.226958209266724,0.2479159332141049,0.26182105171434816,0.23785407193446934,0.2309242808770286,0.20863850844262138,0.2336295087215438,0.22649860271145317,0.20706711199125233,0.2102368060314446,0.25718804639417897,0.22573617650814934,0.24684139507489294,0.18290014918814163,0.21537192942362157,0.22139310141595453,0.21471634566668604,0.21054079095370642,0.23555914316919752,0.23817247044550566,0.23241288285089576,0.29182485593513224,0.2507449968044746,0.26068497983290523,0.25798292026940395,0.20103276602536813,0.2365209059451963,0.21120281892831688,0.2532555762353385,0.22087733528038994,0.19997525470230149,0.23301472407643134,0.2149734594077063,0.22114160019887888,0.2100449278479387,0.18908231700269507,0.2383636807434703,0.21946733834535204,0.2339977852237237,0.1939194020110912,0.21763426265293248
