,G1,G2,G3,G4,G5,G6,G7,G8,G9,G10,G11,G12,G13,G14,G15,G16,G17,G18,G19,G20,G21,G22,G23,G24,G25,G26,G27,G28,G29,G30,G31,G32,G33,G34,G35,G36,G37,G38,G39,G40,G41,G42,G43,G44,G45,G46,G47,G48,G49,G50,G51,G52,G53,G54,G55,G56,G57,G58,G59,G60,G61,G62,G63,G64,G65,G66,G67,G68,G69,G70,G71,G72,G73,G74,G75,G76,G77,G78,G79,G80,G81,G82,G83,G84,G85,G86,G87,G88,G89,G90,G91,G92,G93,G94,G95,G96,G97,G98,G99,G100
G1,1.0000000000000002,0.44432321384232526,0.4642314415159026,0.5585336411359475,0.5149679622750941,0.3779039831629944,0.2564816044315774,0.5259476835903287,0.27465847317083064,0.23653485739154306,0.23176061480948038,0.2135274447874774,0.2637910089951833,0.2343110504257567,0.2959779135190457,0.2510443967552622,0.2296653555923094,0.25510934840378086,0.341715367643797,0.26077137111337056,0.317126962899029,0.2489755611412948,0.3020681855308044,0.31368572931530925,0.30278935848436667,0.2730032019704675,0.26091865037158957,0.28292515075344327,0.3608999038728124,0.23441908644074466,0.2724255072283948,0.2647773440868932,0.2673018856481553,0.34087889787064873,0.2380835089412943,0.2809866755487737,0.24778043212937398,0.24100897273366484,0.28649211165831445,0.28451922569324256,0.30313277280137446,0.22796963547031035,0.24729453657942135,0.23346311347445486,0.26279978976267415,0.38216085017223694,0.21389160217714834,0.22114594007836663,0.22224511176961434,0.2880883165645554,0.24531557890799377,0.21994020637889292,0.25684814543858714,0.3750692143494272,0.23741194429741344,0.22877103394059703,0.22984491414553024,0.24830578422643473,0.26066714741644326,0.37743384258307494,0.24062189140007365,0.3738776434752454,0.24129933486634722,0.21805964497985614,0.3000224149514495,0.2314335349084873,0.24649920081364318,0.24057911774064136,0.3376891960038418,0.34613503198712037,0.3029572689117183,0.31640000792145667,0.26429314469713705,0.30177163157807074,0.23142950898538248,0.1831205387174939,0.22641535735143142,0.24711348964521143,0.25170029129827787,0.199331858251953,0.27672256520083055,0.3401706660998037,0.48370506086715775,0.5594141310048646,0.31511589204684043,0.2770835583844916,0.27334917858726426,0.32208324603768124,0.22737945094660486,0.27214572268442455,0.19335181062603995,0.20761357803738675,0.18385954720283218,0.24936282459282463,0.4028684402545384,0.25235746408709736,0.2101245081022255,0.3141035994434518,0.21233698524490222,0.22543119249037533
G2,0.44432321384232526,1.0000000000000002,0.3583762000471761,0.4899624404004017,0.44239081217866255,0.3390676126933232,0.21562256203778718,0.43399664050230613,0.3425043872024743,0.21197440303040702,0.25080992817190684,0.27782034897088453,0.22506740857449462,0.20661914459130018,0.25011058051477214,0.2054780565947338,0.23479493886210231,0.2265587481642331,0.2241030577224641,0.19471207287563008,0.34418187315483684,0.19166566320765846,0.3022237467650685,0.2991899194001615,0.303716628241663,0.23117588939522438,0.2120710558153215,0.2941503261130892,0.33353754934438484,0.2189818916939237,0.291396402947014,0.26367311824554784,0.29318174122091945,0.21365470772024758,0.19079449738586404,0.21827497530257572,0.2159215535527049,0.22308750436127545,0.23382596902262334,0.24930871348634837,0.2482804034311689,0.22687704629039293,0.24481286699695373,0.22967382720457086,0.19441374990754637,0.26214606780067584,0.1856031453238641,0.24592593911449429,0.20737620473462032,0.2546255296935758,0.24296483729916477,0.21132288239184385,0.23603890281313586,0.34241155764021974,0.26464756518963134,0.22289255030246966,0.2341323145707561,0.2126212325538332,0.26027299859428193,0.23869630695252517,0.2590940624552101,0.25322227134892894,0.22011266796482723,0.2775511566231396,0.223996972074963,0.22356748366298068,0.23780422872947754,0.2042783654428238,0.3736147028304272,0.30567340565139195,0.2875285648306182,0.2386503928794397,0.2553370753795157,0.2632673009887312,0.17952892531613124,0.20203247232498373,0.2024648896432964,0.23195050284602467,0.23741744924836214,0.2408596151093881,0.1849277082837659,0.2336163665745474,0.3928201778487306,0.33126172573683815,0.2510676672484359,0.28685583008865223,0.22966667906665483,0.2725848045052952,0.21120363900978212,0.21690078298208582,0.2590861334459305,0.20384828784138645,0.21026886392359437,0.233423592963668,0.2719718771672542,0.19900962261551491,0.22207745542091167,0.2698090202347393,0.2627683238143509,0.2165433249924242
G3,0.4642314415159026,0.3583762000471761,1.0000000000000002,0.49932475725138964,0.39904409183412415,0.2842327133463143,0.3128206316689446,0.3955481522586678,0.2587636569499334,0.28307611174831077,0.2402955423366743,0.25276738646648494,0.27738818174269625,0.26316324102850674,0.20660205687047245,0.2595522789055416,0.22700580574060358,0.28981868396437027,0.2558476665337839,0.2036639420981749,0.2735026593694574,0.2707414773258873,0.2565422417660593,0.30042776750126865,0.28495325006414324,0.2669236281402419,0.23801183091633346,0.29546284639881165,0.3778821381551935,0.21843118898134345,0.2861135438729862,0.2692148527806122,0.24526130234405807,0.2764970012673908,0.2689655875771894,0.2598514894980501,0.2524888933783453,0.23442037901088017,0.23144691822380037,0.20950315132246697,0.24891795200045602,0.20811571791047603,0.21747842660714747,0.21265872394940027,0.22749507987290682,0.2708698882819544,0.2162145530429764,0.26002930014226855,0.21846282086589955,0.29285580008312617,0.21559110571158055,0.2655099581206127,0.18177716112470696,0.45666439904775347,0.2097268997473151,0.21991297097940993,0.24066787651205773,0.3209481541794893,0.2216181657265025,0.29284426524564805,0.22814970254509861,0.3358252888791478,0.23395919864605147,0.23358501856967556,0.27648266553954504,0.2250091739224026,0.21554880412132027,0.22236779692001227,0.23338374405682613,0.35162313955499447,0.3085813554669323,0.3601688632086808,0.2198741765135025,0.22850738834004905,0.2608012677759202,0.19284208381154536,0.2197382625326006,0.23030305003806037,0.21805668078808763,0.23363163344347176,0.20856443616420173,0.23328488408675316,0.39676449403863867,0.37698298932906876,0.26237840955590713,0.25830637735215545,0.28162002950406756,0.20172399345552172,0.21331054819902814,0.22573340290933142,0.23089217208708784,0.2473302318608836,0.2004759811799533,0.2706777414469323,0.36202058943469406,0.2827589834154466,0.2328867209513046,0.22671491436736393,0.22629488471501044,0.24665581990258484
G4,0.5585336411359475,0.4899624404004017,0.49932475725138964,1.0000000000000002,0.6057653091082692,0.3513710514756301,0.2822411596280202,0.6111159486097925,0.23306263418311396,0.24482421187079945,0.18401669569963466,0.24271170117121194,0.26412462080749116,0.26631323740278184,0.29919473304320887,0.24185599556086212,0.22987186750978925,0.282513098368502,0.30108307454878674,0.21788015626427912,0.38933688354941,0.2648814941697137,0.3153967507416617,0.2742344134788009,0.33917421605544634,0.22509265408827597,0.27318543488482194,0.30701324338633185,0.4102287750066774,0.22167030212296063,0.30360492216645135,0.2506768156765378,0.351057154208933,0.23982138513418957,0.2202983181471256,0.2827976517275164,0.23686218543462692,0.2389445242896482,0.2550044913624918,0.24069495721751938,0.23688019397559978,0.22831238177199614,0.27986170897553797,0.267785901377528,0.23067826354123866,0.3211062466377503,0.22568436402200714,0.2561111819843942,0.26136149284198584,0.29326153021065227,0.23479264878494494,0.23048387982641763,0.24678533268250072,0.3999967463413476,0.2077914565020371,0.2060444879809569,0.26057211424998894,0.2865362449124736,0.23401136971169834,0.2985929769308538,0.2528748296637982,0.2514368517961583,0.26186060158879837,0.25858265624713606,0.24254478070657595,0.22022766699839397,0.20212266248599117,0.2601178699418458,0.34532404646011694,0.35323995424571647,0.2851335654165391,0.3178881894823884,0.2849786858553804,0.26754318647928826,0.2202295218732294,0.21846057178550404,0.2520204014686738,0.21481365292629478,0.22813532789075242,0.1938025972633717,0.19265487517846222,0.3398644726762391,0.45751402808134695,0.6326287610491169,0.31977413634842006,0.26473616103454956,0.2505410274276171,0.21989408968996396,0.2248379704585023,0.24482637399786372,0.21866482202717266,0.21077740921757976,0.1989630481377297,0.26635153207792284,0.38829304167351464,0.2795679250945425,0.2776048549357924,0.22364921848962854,0.20200469624845588,0.2284630207848347
G5,0.5149679622750941,0.44239081217866255,0.39904409183412415,0.6057653091082692,1.0000000000000002,0.32248564155558984,0.2207593978647255,0.4993704809941034,0.2434009909135173,0.25963551080163766,0.2427760750285344,0.19977828682094423,0.282358691624026,0.25911080013518145,0.24777993165966453,0.26065871782862104,0.2064291242342097,0.2684155965739969,0.36981285777579925,0.18856906893708444,0.30489852223564323,0.2623226192873671,0.3065943547395706,0.22264998601961916,0.2746085190292105,0.1933696362828645,0.2579499050537922,0.249108566753053,0.3005018986497041,0.19651583772147915,0.26237839514502326,0.2512860309528929,0.2950922255182962,0.2555608927149362,0.277403714867003,0.34229347425638434,0.2637366679203439,0.175021157153822,0.2029174884383436,0.22327629360314405,0.21408749494463333,0.2435332868824064,0.25503433363321043,0.2641308521038417,0.22047230736848106,0.3053789436342591,0.2445722685259355,0.24145964234735529,0.2360147608903202,0.3211356324107535,0.26337540047113295,0.23934985794911556,0.2603390279577457,0.361918419071615,0.2379020258953011,0.19062021042961247,0.25265117028535533,0.33301415748319796,0.2953350780512621,0.2491418086015352,0.1981651264129971,0.2615086111644029,0.22672426257594003,0.23729398148175848,0.26170111841645854,0.20661052510904349,0.25916510388483693,0.21224665941788906,0.3542085959319102,0.3553171728449082,0.2686778592666252,0.33557299458199397,0.230294534996876,0.31394699946970006,0.21917634446049256,0.21336023723852826,0.2044758018765906,0.2678026528313734,0.297569018007023,0.19405789544663765,0.21934010769595033,0.2583747828091186,0.37354753213991965,0.4352856703586151,0.34778914022917673,0.2557613117817733,0.22195161734301802,0.2515923863909688,0.2258624903464516,0.24748670056988945,0.20966689431713234,0.20391570783318622,0.21300987340024738,0.29364921608301753,0.30306955562905247,0.3274365105261781,0.20841122320428845,0.33461784789570503,0.20434909688921518,0.20303839102723753
G6,0.3779039831629944,0.3390676126933232,0.2842327133463143,0.3513710514756301,0.32248564155558984,1.0000000000000002,0.2667837475382463,0.3781895980324396,0.28590771358515776,0.21498402717791618,0.22990434186762346,0.22552533458756205,0.18835244691239925,0.2346466979171424,0.2698191731313282,0.21617074129325417,0.2052483979524491,0.27557538303672297,0.31546351047576315,0.25290586426373124,0.21923947476833588,0.24586225193875272,0.26101582072334845,0.3149041471366945,0.2328554736740389,0.21919001332137766,0.25769660599981437,0.22441778961106473,0.23826415118376054,0.25248804048418194,0.22249665733588417,0.2762033227394796,0.26535526808314225,0.2563133700716618,0.20714378971505604,0.24660079374559565,0.23808308150119428,0.33703592090152246,0.24385014225575166,0.2401790025541056,0.22753022481283805,0.3973640111064896,0.2910709943190857,0.3652210829697581,0.260567922809732,0.2326844995621676,0.2466528699721471,0.39843532960224937,0.2757242210330148,0.22807910658419633,0.27170397536661817,0.2675381539750016,0.23951423090116863,0.31574371310765104,0.3021429170494425,0.20075726024366886,0.23389340513079632,0.25815134652774635,0.20918036484961094,0.3023220116578772,0.24932071861826183,0.28240540312317997,0.2406761423723586,0.268923734094566,0.21579642681300817,0.22056803258186472,0.22467131516403108,0.2675257755713263,0.2461104154093447,0.2830736626789072,0.23039358991442865,0.2859965626736965,0.3186732565835694,0.2792137310200074,0.2512036070599943,0.23765670524833007,0.21596221932004658,0.2077318685892972,0.26623254237032745,0.21245063155432953,0.18448322737348904,0.1967691401941395,0.3817803794437423,0.34975993526683435,0.20926437415595403,0.2668199654899493,0.23682080811751594,0.24623675828129135,0.2428942880941564,0.23890618278129425,0.20105395681650837,0.19491787958540385,0.2315717069083318,0.2392935192164062,0.22253987759598845,0.24302437434753277,0.23682438473685985,0.20871577406669384,0.2506345859508502,0.23358703263951408
G7,0.2564816044315774,0.21562256203778718,0.3128206316689446,0.2822411596280202,0.2207593978647255,0.2667837475382463,1.0000000000000002,0.26713284269582455,0.2989079744904204,0.443488955685574,0.24386922646054854,0.2741517760003576,0.237536699022659,0.33262105687520166,0.446763879596218,0.17939194466956163,0.35721648189121497,0.29159437224827695,0.26025127825804056,0.2658638966526297,0.28465523450551017,0.18670189202571327,0.335474095263541,0.3352239486318624,0.2744982888963706,0.24778977415961637,0.2426456378104751,0.2492327241880578,0.3415015012532868,0.32766721808952165,0.2265163386072569,0.25238238637773747,0.24379466589245022,0.2659554370061093,0.1845711242550016,0.24244748118483878,0.28998601819456826,0.24966424771953316,0.2783430075443048,0.2918284851492717,0.2355563442144983,0.23658025203156044,0.2800111930651942,0.2513847383168262,0.2890264872836785,0.2444674189590207,0.25429885969100946,0.27763619002197476,0.2164455655977182,0.2659405479081524,0.2081894391033004,0.28082448599974436,0.30130532085914663,0.2611298467088834,0.2714486096378808,0.2563067875808003,0.31027804771565176,0.27282699776807323,0.26259860561213466,0.3648167810186483,0.2906755912856437,0.24985121585538755,0.2559044878889606,0.227735532273121,0.2285511256114199,0.22548636846493864,0.2839337237525485,0.27804885789530037,0.24413648248654357,0.2629466147112981,0.2816998091435487,0.3686366418840319,0.2701062073686981,0.31616786317984835,0.3845839959127388,0.21076068338587536,0.1890267850969661,0.19880816169684803,0.2301997051472918,0.20955874675530065,0.20069272236716876,0.29843785601098505,0.292974699677739,0.26934083613008525,0.2529272639751911,0.20050975067875704,0.24077534213132415,0.3473158745311148,0.19560325287986782,0.24443632733782442,0.26537397261622275,0.2206950722306489,0.19740596942419308,0.26200956797220837,0.40321031967433674,0.2423577034669989,0.2354723313953785,0.21577206732951626,0.3769440300950615,0.21536396933928026
G8,0.5259476835903287,0.43399664050230613,0.3955481522586678,0.6111159486097925,0.4993704809941034,0.3781895980324396,0.26713284269582455,1.0000000000000002,0.28458045295574536,0.3087694264344337,0.20649533752154464,0.2136348398462926,0.27714926679875157,0.2747495226193149,0.3657727476816506,0.22388108807986906,0.21667112114839962,0.31514449433063346,0.2852957365604281,0.19911763920846576,0.40929215407094216,0.2066817782316998,0.28077272277043813,0.2746151413912317,0.3327819506570523,0.3277340583830478,0.27998893387056034,0.3181323370351591,0.3484749283011802,0.225266571000101,0.30239255338292287,0.29246487523982995,0.3971765623168578,0.2329675326864091,0.23919334749086485,0.2965445508870398,0.2588363493965685,0.2163262951749098,0.274508245735735,0.25995253523333767,0.26878124760028205,0.23393925645390398,0.2280430515925751,0.27471183291151,0.23664489607738126,0.38723790757865756,0.21207976653209096,0.2544529568125095,0.20272118340936773,0.2524625333128109,0.2222509920774332,0.24038381873688935,0.2942353731921984,0.3623831420658177,0.2929210873626246,0.2164265245817947,0.24975630783512798,0.29730204767280966,0.27681081969859345,0.40982101527739784,0.25547562644417754,0.3253895546263804,0.2293411545932392,0.26072180678262213,0.23319590860704398,0.2581970784413921,0.2334395508991828,0.2631480139968583,0.32395541823644053,0.3234453941751154,0.2675281305808033,0.28398255511314624,0.2708103612371168,0.3314428673209782,0.29960914383456444,0.19767076305118875,0.27038913589891833,0.21247151324645946,0.2538582009583968,0.20576458065559686,0.2307255493526136,0.335376552901794,0.5368351709831132,0.4800401146292416,0.3368338021924679,0.2616651580217586,0.24433343639317182,0.2538117824556178,0.24903323536950508,0.24190890702638865,0.25390137990715017,0.22425730911869524,0.20662050471074814,0.28241035022175975,0.4203565527304104,0.25900686156026004,0.23257658254809688,0.2853886469800614,0.2056150907823486,0.24107149112204712
G9,0.27465847317083064,0.3425043872024743,0.2587636569499334,0.23306263418311396,0.2434009909135173,0.28590771358515776,0.2989079744904204,0.28458045295574536,1.0000000000000002,0.25517471191129004,0.23178478367746527,0.22035856969555914,0.2407561351269502,0.28707539671647475,0.23849288766397259,0.21131104860048439,0.21109435103834168,0.20902424247418339,0.22721708533406154,0.2667004398873595,0.2642927904176043,0.2501288325625433,0.2706572319105503,0.28459823700771947,0.28850830728163007,0.25483700159760847,0.28034010358541883,0.23765154035598854,0.2819361057028726,0.21530667774190737,0.19694981134564296,0.22175824668933627,0.2150878696178727,0.2755109030096238,0.23622202331047176,0.23508238614352384,0.21830777339692875,0.25155515858415617,0.2800681849410226,0.23646448417376695,0.29710821154990485,0.28736297494042456,0.2941552051200991,0.23259781471536867,0.19866328086885532,0.26058619194185756,0.2255998133893673,0.2537711724120141,0.1796028905547746,0.18256454514684328,0.24416943788687098,0.23641014036891556,0.2833070755499205,0.21237257754415295,0.2190168435073773,0.2722718379283648,0.26466849636658185,0.2074139513692652,0.24527372694964958,0.2694496329434776,0.2560621368514806,0.26304206138373937,0.22896050512817415,0.31686830969201213,0.22904113871345033,0.23330100147530117,0.2574371636705347,0.24899660225306874,0.2677924679247188,0.24121015111042945,0.2516617127377037,0.22156510038038646,0.2472654158014324,0.23886852338393327,0.2413713144539204,0.2448254165614238,0.2580877047096825,0.25187848071182634,0.25100913164502847,0.189893535355237,0.21768989644340483,0.26029053394749385,0.28837178515236245,0.34910076993025885,0.21697165591420375,0.18594716386751814,0.24620996857839492,0.25319325469844056,0.20824160267763364,0.19749855416393397,0.21651951213840953,0.26916613657900934,0.24871801280704645,0.23389722358635595,0.2746205802159267,0.22794326117932126,0.21861380690707333,0.22213298361805234,0.25375309545103664,0.29403547983597333
G10,0.23653485739154306,0.21197440303040702,0.28307611174831077,0.24482421187079945,0.25963551080163766,0.21498402717791618,0.443488955685574,0.3087694264344337,0.25517471191129004,1.0000000000000002,0.32178187721476836,0.31981026439512117,0.3302543952720769,0.36747040407528,0.33417538118037926,0.21028892930462814,0.2752615284839731,0.29438169314437085,0.3018654541774327,0.2495992868818229,0.2330033424951652,0.2354000562377166,0.313643915042841,0.24008045464236677,0.32515478812782383,0.28050540282657993,0.17860379391813763,0.2607746601178098,0.23974539172523937,0.24242979868368925,0.33216015550728095,0.2627085970680996,0.27995291012725027,0.2412232264848104,0.2970025414064119,0.2580609995289711,0.2630023324953633,0.21505400438429886,0.277761823327956,0.2570752578915711,0.2572562154107285,0.26970442985216164,0.21014588870300133,0.22174578677131554,0.24349915530085897,0.20544497123691807,0.3112267624838244,0.2549640916293084,0.21279279516971758,0.19306988549287832,0.23939259240306082,0.2088135130843324,0.29075325416944386,0.32351719799223005,0.3060353838928087,0.22345138845011125,0.2226219814136346,0.2206439978734767,0.3127001276661616,0.26381764285851306,0.28125460434430655,0.282542061421335,0.2516640641920955,0.24105316212096464,0.2701109934075455,0.3481881300413481,0.22386823893961635,0.26139525310165396,0.19380926097376433,0.2781595480777478,0.3310416106847045,0.3082706545826502,0.24440507442533393,0.22295028096658817,0.3501334937906277,0.2116731965002481,0.2379224192036461,0.20226368621178045,0.2249091889530269,0.19150941157198487,0.24124827931238874,0.219679768272175,0.28636098074453703,0.2564069465633178,0.303087642445651,0.289524607611349,0.28629056327109403,0.4025862677070922,0.2234910198565945,0.2647084554207952,0.2808630684131934,0.3595546407276663,0.2290420308157735,0.30656821873876366,0.23885591311129406,0.21238394665090693,0.25524815237833953,0.24270820661142614,0.4297156111000194,0.3013676605084279
G11,0.23176061480948038,0.25080992817190684,0.2402955423366743,0.18401669569963466,0.2427760750285344,0.22990434186762346,0.24386922646054854,0.20649533752154464,0.23178478367746527,0.32178187721476836,1.0000000000000002,0.2622645457170269,0.32430501666987444,0.27396903808287965,0.2947277560433172,0.2498738249203837,0.22716719569065796,0.27501814102610117,0.32453776143663315,0.26089273641274,0.234413459267284,0.22227079723390322,0.29509019100642714,0.27578491193590743,0.31257304252273643,0.231232154038766,0.1786774171349355,0.2590953290548168,0.24220342966055664,0.27549451645706474,0.3048638355901366,0.21773206946110665,0.39434763427703173,0.1986861639143475,0.21868822924004222,0.26361990894088044,0.22620497840050902,0.255423535836052,0.21067276518236047,0.19594848335475357,0.3005596538441458,0.28601943562985915,0.22226135901394603,0.18836525871238535,0.21646754609690988,0.26061227245472374,0.28013237532069246,0.22995998772986903,0.22423936487783647,0.23818982266832076,0.25590752562234986,0.24567748489221872,0.22802676828935028,0.20282702326852917,0.2640707332670187,0.21358542958280935,0.21135928792176842,0.21406123825191958,0.2236632636220648,0.3233089462485209,0.2526902516947115,0.24552423087713848,0.2879562932384542,0.1829311949496503,0.22969771609722167,0.3161038109221075,0.29276713882735367,0.2472373428498486,0.22297002037109687,0.29238359588097973,0.22255427462771835,0.24660535527718705,0.27149139215518464,0.19003080000856426,0.27428049087678663,0.22022890133337533,0.20501675727371058,0.29076883115218566,0.23831149124247328,0.229414891589775,0.24852290368445018,0.2065066195218622,0.20990151015856645,0.20996079549510102,0.2288811858219679,0.17459079336613625,0.24559200520896726,0.30019739720853805,0.21281422399657574,0.2494361675559406,0.22038516567960784,0.21308932811984224,0.18705921362604733,0.27488304604800085,0.23571383869670137,0.2239214476785846,0.257927462648393,0.26874850021650565,0.24246755964795474,0.2372701897234002
G12,0.2135274447874774,0.27782034897088453,0.25276738646648494,0.24271170117121194,0.19977828682094423,0.22552533458756205,0.2741517760003576,0.2136348398462926,0.22035856969555914,0.31981026439512117,0.2622645457170269,1.0000000000000002,0.2449075205810423,0.21429981458032432,0.25923497890197184,0.23515633686771323,0.2307545716148234,0.20816744577374377,0.2503159269890017,0.19865493779525048,0.21119339126223907,0.2593157523549799,0.2678905245303361,0.23442518960713943,0.33114121102804517,0.24115960797876435,0.21815335152463794,0.21814519533375842,0.2825223645802905,0.30788867724549746,0.23658111048097363,0.2131019119083662,0.2346316771189097,0.21722187044120236,0.25337871440371523,0.2404636175482431,0.2610679758126164,0.3347014672022825,0.23066717589203842,0.22695722017693673,0.3766878306870168,0.25088586505017485,0.2286089431680947,0.24767899300647708,0.1911548789841121,0.17682268007300922,0.22906446768522454,0.24547018984357835,0.20779853801876255,0.26089154379688956,0.19251356015893625,0.23803430673620857,0.24146634166435182,0.22182179802340263,0.2591020207640137,0.22875960406053253,0.19994199074846322,0.2274752868464451,0.2616540256055842,0.23446010051141664,0.2572397046423369,0.3288664638345069,0.21896130635732042,0.19510642374574785,0.23060988939322075,0.3435010787970303,0.2647707271323799,0.23926157688841598,0.20968302249449583,0.19899538340605805,0.2748600432010641,0.25058713857591414,0.21717653233889134,0.2546147118547269,0.2601737651382896,0.19488543633517227,0.21897501785817225,0.20982402685157547,0.2697235397619111,0.24957541961532595,0.2488534386177897,0.2400222816607465,0.22161993003443667,0.2535011207644744,0.25206467319122805,0.4398302449484024,0.266968500004037,0.2584436098956257,0.19282311984582545,0.2236335760406284,0.21402578773022563,0.2605619603774217,0.22003654159512834,0.20107099966058609,0.22480682861163154,0.25917461641933237,0.22867008208799178,0.22391933816577098,0.2791905349048685,0.2822238768857891
G13,0.2637910089951833,0.22506740857449462,0.27738818174269625,0.26412462080749116,0.282358691624026,0.18835244691239925,0.237536699022659,0.27714926679875157,0.2407561351269502,0.3302543952720769,0.32430501666987444,0.2449075205810423,1.0000000000000002,0.3441334433124271,0.3397715049897264,0.20051532587138685,0.2753909765990786,0.2804167868192706,0.4880491170980032,0.29136544043432594,0.30986755398556953,0.209414811434447,0.29461689841574223,0.28736529541106787,0.2964068609450939,0.2163228397852554,0.2288877960085461,0.26741469608101787,0.29360923408192624,0.2783069600076405,0.27423194978436755,0.22379631144848186,0.36890101530710184,0.29215959146568804,0.22729929234371418,0.3014892192971374,0.28908506570623843,0.2636254513260516,0.31843686312071984,0.3122647371853894,0.2718103215031896,0.23389032422687936,0.2260382124785451,0.2419847415079729,0.27850966286441015,0.2553209606548584,0.30448452634053813,0.2659249266139237,0.25805662803027585,0.2788832128445462,0.22443269430278853,0.3116132033983524,0.2144621025404388,0.26269484737586407,0.27749012676382384,0.3001706535717844,0.30985652243059525,0.316560314987699,0.2410479218374164,0.24923839818265034,0.21335639431353184,0.23432723785294993,0.2706062282473782,0.25434111807763293,0.2897270202867339,0.22817152201472693,0.3136996077127638,0.2347077355865739,0.2493994280556829,0.27135726874798194,0.24660285573783536,0.3484927209018051,0.29521674096214584,0.22838940030952093,0.27015664550354707,0.1968619775041581,0.2785014975353362,0.2718279513212709,0.245713986014297,0.21472098934343237,0.236665437474569,0.25381515016587636,0.257487614985574,0.24707684750818135,0.2566630554144536,0.17628470808478733,0.3026173648656467,0.39764328654459347,0.18239145769948498,0.31480606004254735,0.19404753914658215,0.31545885743587226,0.22055990901985473,0.34216964515886716,0.2406930747017877,0.2884075815259541,0.31013369047667855,0.271415818155176,0.3203968324503613,0.21327948735268465
G14,0.2343110504257567,0.20661914459130018,0.26316324102850674,0.26631323740278184,0.25911080013518145,0.2346466979171424,0.33262105687520166,0.2747495226193149,0.28707539671647475,0.36747040407528,0.27396903808287965,0.21429981458032432,0.3441334433124271,1.0000000000000002,0.29966383004399094,0.22146815490479435,0.27496893801724215,0.3568558145350806,0.3020110785949737,0.2445012230138182,0.2426729393177464,0.26725147849186076,0.24473396470265665,0.3375311981993501,0.28449173630625085,0.22133238070088038,0.28859538587556915,0.3183119393246046,0.25700135017767944,0.3279729946396321,0.3281533994500476,0.2684017667007627,0.33217279126629,0.27602559254979336,0.2865227082137472,0.23891469691887898,0.2687459898295191,0.2843882329298464,0.3158902746807593,0.27056722754611934,0.2962688130146621,0.2730287963208693,0.2949229908754912,0.27377592632906295,0.21575102886489347,0.2908436559826163,0.23383574535214147,0.276941614871281,0.28393726689868626,0.35184988464308475,0.24031810042385424,0.2747037735916456,0.26579945615409994,0.3235721499366598,0.2756751251328385,0.2438580506583984,0.257943444524682,0.2722039736733563,0.2846945799106665,0.24909537739666018,0.2885827919599413,0.2761095969002111,0.29294837241751964,0.2619707837175135,0.20581921798220376,0.2258380198313949,0.2645205475772709,0.26917716989886437,0.26587001231596563,0.2700616313447935,0.25802308802478713,0.5296021926046687,0.33025879865669394,0.24023455401838487,0.29637393166507153,0.19986606587692302,0.41960371386466067,0.3532221477002725,0.30458051320916585,0.2514119436107926,0.21806693847642838,0.32288286396547006,0.2545821838793494,0.23046179464868527,0.251553522307291,0.2188046323842509,0.23976725160323556,0.26276277710860946,0.25167075993198634,0.26657646483930864,0.22121281397763662,0.2852881256803763,0.2690393193037643,0.32403503002609363,0.2654056082943132,0.267952998702161,0.2370188566209162,0.23750472401776612,0.46970166006211184,0.22036721825913685
G15,0.2959779135190457,0.25011058051477214,0.20660205687047245,0.29919473304320887,0.24777993165966453,0.2698191731313282,0.446763879596218,0.3657727476816506,0.23849288766397259,0.33417538118037926,0.2947277560433172,0.25923497890197184,0.3397715049897264,0.29966383004399094,1.0000000000000002,0.20673609465379278,0.2545551494835149,0.3105241228995509,0.2862371035945976,0.2792161814330141,0.3186918144918773,0.2954738721453592,0.2760496585142355,0.2874207251552678,0.2549664569811488,0.3237839933892999,0.2557659490939759,0.29511576945599677,0.34966122680750933,0.3555338641386113,0.2670740011218534,0.2529397038703853,0.2978800125184238,0.20241454798191508,0.24621458955579975,0.28319184646178963,0.23623630534346834,0.35045431194612137,0.3316902605001538,0.33468076834164284,0.2179294957088488,0.32148365886391733,0.32548955738170315,0.3168078901854503,0.29872767250112386,0.3209378021935674,0.2885158443650976,0.3600052821258787,0.21965431109470182,0.2304541707453888,0.2376106202940178,0.290038239111498,0.29524963337781734,0.293132322341367,0.29314384107743324,0.2791844897675722,0.31121513351698843,0.2318641569990035,0.27242286686338085,0.33717362256310074,0.3056725637254734,0.2811724660696577,0.3033532789108462,0.23123470764860213,0.30507757804360675,0.19209505240888575,0.22189513282916598,0.25192101736498584,0.33139614812522306,0.30848096406988507,0.19945501444358466,0.3110680611465679,0.2725602651617372,0.23231633039666205,0.30066086374674583,0.25596622450736006,0.24912410082388275,0.3240091486223913,0.3306406945125935,0.24031775616915751,0.2357628623093939,0.3038360608968018,0.22511389979450952,0.30299021169351786,0.20812723817033074,0.23081544011673152,0.2621366987412228,0.323568430208636,0.21577541586730273,0.27482673680051734,0.22810178611606632,0.380682939870229,0.20475698076460633,0.35736467778517833,0.31933086430335234,0.2936209752077469,0.23167273283428577,0.28524292226222425,0.5206226366187171,0.2792239764940873
G16,0.2510443967552622,0.2054780565947338,0.2595522789055416,0.24185599556086212,0.26065871782862104,0.21617074129325417,0.17939194466956163,0.22388108807986906,0.21131104860048439,0.21028892930462814,0.2498738249203837,0.23515633686771323,0.20051532587138685,0.22146815490479435,0.20673609465379278,1.0000000000000002,0.22996432316636728,0.22717446436325323,0.23006604052230217,0.16504682977999438,0.24096398832603508,0.2193876939356485,0.2036925288555558,0.22053035972091473,0.24340053472678258,0.2455583199961687,0.2005370390034021,0.22208535507521127,0.23030658970655213,0.19791402284313836,0.2500424588816476,0.2203202731880681,0.2143738854709552,0.16794934063975117,0.24808890946739004,0.21689189694049285,0.21799223291773362,0.22499116426344143,0.18541838212460832,0.16270467184086662,0.19712032684245553,0.27905317454942247,0.26126378353443264,0.20352154951273535,0.2649013016861988,0.1743349507163154,0.20045776306205798,0.26531236954440307,0.17489672061529274,0.22514975016426106,0.21685183689715684,0.20642718907697358,0.19633421596235837,0.19888005631137248,0.24007938340717003,0.2655534168253697,0.20936366350725902,0.22787389194776955,0.18433639488429335,0.20662177346835964,0.18811422251830914,0.20227352912448388,0.19409240264852062,0.18989237921681903,0.1985297796143549,0.18274637528796758,0.24264293460480668,0.21272109322277385,0.23190168730595068,0.22381642781826516,0.19408326330087425,0.22024338940056318,0.20197283648642525,0.1916116165396483,0.2278441819264492,0.22022312985301354,0.2171683072515019,0.2223077841071162,0.22391946810398522,0.23813952982606298,0.18723459116198177,0.2159600231103687,0.2447031928127134,0.22238767600178752,0.20601492928170967,0.2587951236421718,0.22591015073390558,0.21658961408675495,0.18750098421913733,0.22468847663425798,0.2023464942682525,0.22180560958821313,0.1842447561740905,0.20791108639960135,0.21060168422312903,0.2214685971185557,0.192814462952012,0.20684851875215235,0.19028879663270615,0.20932553950331503
G17,0.2296653555923094,0.23479493886210231,0.22700580574060358,0.22987186750978925,0.2064291242342097,0.2052483979524491,0.35721648189121497,0.21667112114839962,0.21109435103834168,0.2752615284839731,0.22716719569065796,0.2307545716148234,0.2753909765990786,0.27496893801724215,0.2545551494835149,0.22996432316636728,1.0000000000000002,0.24533435255785133,0.28342779179017347,0.2154254481039053,0.2628770535481502,0.19796019483007324,0.22565233731563641,0.27907263687238926,0.28165948464931395,0.24827998644515092,0.19489639913109313,0.25543855716047037,0.2195365109705663,0.21926775828058892,0.25671933692908294,0.17452056172692948,0.25339054564826446,0.21279321721797764,0.20942924216959438,0.3063411391855963,0.21478709094357232,0.27324363941250185,0.23969742562822371,0.2562076541397725,0.21072046134444675,0.2882101931954692,0.21743115155668005,0.21923652968951945,0.22858273125453216,0.2348089304903043,0.3237657770123117,0.20713679629710127,0.2019275156653661,0.21474002990111626,0.24212105557463287,0.26492788369497144,0.24426833466582426,0.24052168559984152,0.2411468806995467,0.2771178430671668,0.21622719214202302,0.20417227317295839,0.2158589658890195,0.252537850016078,0.22160232192881069,0.2422713560368288,0.204851677708112,0.24433426615779197,0.24440503088779783,0.23999323740642703,0.23927003554398038,0.26685414692848597,0.20223097350252503,0.2322161867492656,0.2457564424677593,0.24880455218889996,0.20340367022909686,0.2159380650568446,0.25194258245114975,0.19737380968267568,0.24833936121613223,0.21578229488949363,0.220377467780146,0.21817830482880232,0.19297760490284996,0.19088843582671416,0.1882031961219803,0.23730857740312394,0.21975129172592153,0.19211399727574943,0.24835015404049895,0.25097617056264027,0.20637322521110812,0.2146248722110943,0.1811452008608024,0.2763581002223929,0.18628489348209507,0.21294603624800476,0.2529557648745496,0.20716089088370662,0.24701065608095935,0.24882387890864255,0.23430010116638594,0.1885566966695666
G18,0.25510934840378086,0.2265587481642331,0.28981868396437027,0.282513098368502,0.2684155965739969,0.27557538303672297,0.29159437224827695,0.31514449433063346,0.20902424247418339,0.29438169314437085,0.27501814102610117,0.20816744577374377,0.2804167868192706,0.3568558145350806,0.3105241228995509,0.22717446436325323,0.24533435255785133,1.0000000000000002,0.29411519964467453,0.24192565089779938,0.26200434345802026,0.21947181171623226,0.2589368099752081,0.290526034299772,0.2647750049480425,0.31121465245220675,0.24702234217486688,0.3121088630676479,0.23874526998911075,0.30890213332531974,0.23454805775410958,0.2338928566924942,0.33068725049537434,0.2879454084113861,0.2242828018152113,0.26249173353432687,0.21708977257970796,0.3750370301652669,0.3019773742644917,0.2779370504020996,0.24570990478460378,0.3218635688220436,0.25348510398530255,0.3508321119553911,0.23813964783250194,0.2865620039629572,0.22333347856459843,0.28622879033848536,0.21853366002247598,0.24072929420734873,0.28246757882065365,0.24650438867346441,0.2644917670178906,0.21689883833773296,0.2740434481294095,0.22586706585874253,0.2269331924261134,0.3113191974105512,0.3051403400818746,0.3138061380731064,0.30573275840994213,0.25980357475226534,0.2389225171013484,0.19258266560243253,0.19410431105367537,0.24491563786033876,0.2448565358542611,0.25827964603731735,0.23773471585174502,0.1958744162994587,0.21441223353075428,0.3226320586682663,0.373603276310837,0.3051475782156762,0.34611551564692783,0.21652426959456383,0.2972095337927494,0.26613753962291764,0.29667891016283754,0.22408117054897195,0.28244551189320055,0.3001639907066587,0.2674855607775496,0.1944984846799579,0.32133517396816175,0.23839876281731173,0.3044958582351877,0.2742763682422797,0.19847197890646667,0.2273297772718356,0.2131975144653208,0.25054059258604383,0.2213084190183779,0.3193122560349309,0.32135930529996903,0.23504187365067314,0.2195627752434332,0.23436810563698832,0.28082274812241503,0.2506583823237692
G19,0.341715367643797,0.2241030577224641,0.2558476665337839,0.30108307454878674,0.36981285777579925,0.31546351047576315,0.26025127825804056,0.2852957365604281,0.22721708533406154,0.3018654541774327,0.32453776143663315,0.2503159269890017,0.4880491170980032,0.3020110785949737,0.2862371035945976,0.23006604052230217,0.28342779179017347,0.29411519964467453,1.0000000000000002,0.264888672528551,0.31617507166338615,0.22121742526170174,0.28295441118823544,0.283179288414464,0.2758950541279799,0.2042767312050447,0.21392697251666734,0.2717872646675132,0.2787446735177739,0.22959531052994753,0.2517581463013302,0.2018931388794516,0.34001743178732213,0.26641383805250746,0.25228361709923686,0.3159519184019274,0.30447200715006867,0.23592695947636888,0.29814449908534973,0.30482566502355385,0.31204200156572776,0.25435290593526977,0.2554114226135778,0.24031874566933034,0.257282396563919,0.29549216050673577,0.26110130226349665,0.2799882841453126,0.25203076426706084,0.23364949219072387,0.23726883384354497,0.27347073570054736,0.2975172928515194,0.28118613576637586,0.22851220434688396,0.2866538533579985,0.3024189020990267,0.2714342257194816,0.23199257484361102,0.35557844127194393,0.23886348929400028,0.24456453952976429,0.2769022462822531,0.21313978859971447,0.31021175544421015,0.23112295788476747,0.25121488414309345,0.2704582595718293,0.24294004377072193,0.3152664052726445,0.241201848788447,0.32539084737976515,0.262212178578391,0.2776811568434433,0.28846679549869775,0.17832650881827172,0.31351246205078775,0.29734998327146855,0.25943931237536405,0.24644081092444894,0.2218165751330721,0.27165913992461654,0.2722646486949411,0.29105812380106094,0.2875181644123795,0.20882774729884682,0.28112343437126863,0.35134564253179673,0.2014520648207326,0.3324065772092554,0.20825927211670123,0.2634789432283949,0.2230634269490531,0.2627688142279974,0.26994854623322645,0.27136488108573165,0.2458210278895298,0.25460562609151227,0.31236624073178276,0.22489736747427294
G20,0.26077137111337056,0.19471207287563008,0.2036639420981749,0.21788015626427912,0.18856906893708444,0.25290586426373124,0.2658638966526297,0.19911763920846576,0.2667004398873595,0.2495992868818229,0.26089273641274,0.19865493779525048,0.29136544043432594,0.2445012230138182,0.2792161814330141,0.16504682977999438,0.2154254481039053,0.24192565089779938,0.264888672528551,1.0000000000000002,0.2701321913345788,0.24695036722096847,0.2191111031601814,0.22201239400141362,0.22189157540441604,0.24326579338368254,0.2070623927647475,0.20964020668761982,0.24611069670175012,0.3184142011797235,0.223527964562577,0.19284540728388344,0.25547603808423613,0.21345620594405615,0.24699030373192196,0.24801824841802256,0.217698282163357,0.2095316123637917,0.2579137336293458,0.21046160640414732,0.31748771277977267,0.2368388143823673,0.2558972615362796,0.2158194979377119,0.2704645419878598,0.4350996720422869,0.19060678296169328,0.21844780148336224,0.2218162942046837,0.23976259686456738,0.18832260836285727,0.21396290535183557,0.21957420867848249,0.189137003162272,0.2366669044165886,0.23209416850418282,0.23791850453551583,0.19193737013432693,0.22272604354490594,0.28263207931032963,0.2215757290932472,0.3446035309078595,0.4128413758182309,0.2264774180251006,0.2716929072191441,0.21797395838700953,0.2506326534243544,0.22153668792064832,0.24018737909930796,0.2244487560438869,0.2111632085010038,0.18421446180310422,0.21990407761369224,0.24064029884843505,0.20951680946171405,0.20479346429864603,0.18867445536417682,0.25446211182774925,0.2131722011982512,0.20631000740796268,0.22764620128825733,0.25511673741432367,0.23844453579857966,0.24860295626261372,0.2055965470934572,0.1903028737056228,0.23381140255182167,0.2068244105057217,0.18112251861990722,0.29703073660478635,0.20077306762174615,0.20993239364875121,0.21580807052328588,0.255137875931491,0.3279012066361922,0.2060678849216466,0.28154638027417195,0.22143838328629376,0.2737218135733959,0.22112799859366924
