,G1,G2,G3,G4,G5,G6,G7,G8,G9,G10,G11,G12,G13,G14,G15,G16,G17,G18,G19,G20,G21,G22,G23,G24,G25,G26,G27,G28,G29,G30,G31,G32,G33,G34,G35,G36,G37,G38,G39,G40,G41,G42,G43,G44,G45,G46,G47,G48,G49,G50,G51,G52,G53,G54,G55,G56,G57,G58,G59,G60,G61,G62,G63,G64,G65,G66,G67,G68,G69,G70,G71,G72,G73,G74,G75,G76,G77,G78,G79,G80,G81,G82,G83,G84,G85,G86,G87,G88,G89,G90,G91,G92,G93,G94,G95,G96,G97,G98,G99,G100
G1,1.0000000000000002,0.2815613585152934,0.25830250754493234,0.3212780448493307,0.2555541450542653,0.23435422309338072,0.2315510684403015,0.30119293633600175,0.23358149879611792,0.243588801036657,0.2392144068356295,0.2892774973731744,0.2795842486401706,0.28134165137628897,0.32007944588178067,0.2643022864931247,0.2072212791470784,0.2751979783065116,0.31178178093964726,0.2769180654845144,0.30774737347040926,0.2761499764739475,0.26834702328880106,0.32534518408867386,0.1945201816114645,0.2666082891835639,0.24086705991314972,0.22364143127007285,0.2514142625598643,0.1878173030006583,0.3348183767772934,0.2282775501562077,0.20937323376302902,0.3034405889845595,0.24751244199017847,0.23637202610821026,0.2452097072740125,0.2582651107040709,0.28059935982197814,0.2757484490337703,0.2919800768900173,0.22795124745892473,0.2370294046110193,0.2901880328920959,0.3179858906712349,0.283290562570951,0.2523656791482311,0.2559002955577793,0.2981604452693636,0.2202968542860394,0.3277467420879687,0.2737475571913496,0.2957766006223321,0.27551290522268546,0.2267501282013154,0.2729649695137584,0.2941099091129122,0.2611578565947177,0.17363394018556186,0.2248499388686249,0.21876067444410566,0.27984762689301024,0.23021885427429586,0.19040872513655957,0.25366860768064425,0.2396707250877051,0.23766459413077393,0.25794213530267307,0.2566090831826968,0.2765362842318368,0.2055179824236305,0.32363493001143645,0.274106554326986,0.2259518829654401,0.21814006432759273,0.2546535542377763,0.21665252864317933,0.2727935190336641,0.24118058176580465,0.2660089274354626,0.2509010971522271,0.31204581640675894,0.26169673702058555,0.22981057340212319,0.2782730297844126,0.26509514615134555,0.2773795515366495,0.25598389380447134,0.21566207253634345,0.23335990266330855,0.2750842804388184,0.240929710469252,0.2691170769889528,0.2565740562397136,0.2322046536909231,0.22522709043296513,0.24804339864791194,0.187331191263126,0.27162195984635223,0.21949921450378998
G2,0.2815613585152934,1.0000000000000002,0.23072525941694014,0.21325073508569592,0.2865389455605493,0.20285104481669164,0.2806141890977418,0.31152427085511514,0.23671648230611889,0.33202384048636163,0.26092957934465494,0.2500423349272774,0.34068066731311364,0.3011010072412466,0.23740657050581432,0.27421135551531184,0.19598754432267151,0.21568063168871535,0.3437113735719943,0.2440118020996923,0.25735022499652366,0.25240016287134,0.2810463748535721,0.3678535537541077,0.2116491503692131,0.2353100406294702,0.23046019451831526,0.2053378007271644,0.23937860370092182,0.22594518500590965,0.2553643455852991,0.25622902205543424,0.20781447113587018,0.31811738238753534,0.2274066882712048,0.3178870687409779,0.20749786437429185,0.21401544396702163,0.2380568796396413,0.19379435049020635,0.2132647254997448,0.2690641705126662,0.24725003573643559,0.1831435482456866,0.2232954551375051,0.2604289437562091,0.24754042374861293,0.22668670703270383,0.27697833115204745,0.21549901256495999,0.3517491078386604,0.21907694990489668,0.24532049725793115,0.22362594022011087,0.21401892780330967,0.2381593229647173,0.1879854154689048,0.2174663253030777,0.20089042592880044,0.309976996814748,0.30697853190926644,0.28574658433284117,0.22480554079837137,0.2739357499957808,0.2708616896363529,0.2804863310760667,0.22308171835077856,0.34069060689295794,0.20303516039174885,0.24214363141645678,0.29893546887720274,0.25470371147850307,0.27012911198748046,0.22181922358547088,0.20051473363949493,0.24838533347182157,0.18373214567912446,0.2504802378331222,0.26713484792913755,0.23000028276645051,0.27659906713176996,0.24761467207302285,0.25150927889467395,0.272555575706619,0.20453289818438858,0.2184177073779913,0.22396634907438984,0.20312605166334124,0.21245695440109746,0.25718877943410035,0.24726648090085057,0.2150855569725889,0.2540263884296806,0.2295611256312589,0.19848363505150937,0.2318666674995344,0.25066557956176433,0.25161027388484414,0.23508979350007422,0.2325190764747908
G3,0.25830250754493234,0.23072525941694014,1.0000000000000002,0.19985101620707518,0.21704776295077619,0.2286422565182049,0.2177127321644141,0.28183707221278975,0.2551650212719187,0.20649581225641417,0.21705827298581742,0.1921490844759345,0.281084790862316,0.2685057634661321,0.2660952066077921,0.18856464951428045,0.1881432440584876,0.21353356783086022,0.2424300442727894,0.1883206394044388,0.242868679452784,0.28547156787717126,0.21993489314481537,0.2709190477527157,0.2231851659497709,0.20991428965346726,0.19444050593808768,0.21622684992953953,0.2530135553370204,0.21125977669759166,0.2615988600156418,0.25590302504730705,0.2270741478115297,0.27607191051007524,0.2557950924995201,0.2541942429991287,0.2606686348872457,0.21975219428558163,0.21376100355206176,0.2209035353628702,0.18783817795964414,0.2179984601493413,0.26618007295031465,0.21509251834532644,0.2726854398875456,0.21806746314719794,0.20560991703498804,0.25353493975062713,0.20183164190014635,0.2017114466889348,0.2564225672022483,0.19393375124076626,0.26822355537062614,0.21561115445364532,0.19286657441467506,0.2621710304448157,0.21404135803646562,0.22259984777193073,0.24643672886041126,0.23534854637803967,0.24584456667522284,0.26663051698513807,0.23037892435411286,0.23100226535100316,0.267333247121272,0.24890807012353086,0.26131739142294624,0.21903889667491036,0.25504963282112325,0.2750080058629618,0.23357344771071528,0.2607139645539124,0.22911854843032803,0.22438874033426057,0.20707712194898484,0.24321429914043113,0.2697137123264805,0.213971071052399,0.25675261595210264,0.21064326136647837,0.23820517541204814,0.22802172413561378,0.21504053675426207,0.2534684625031098,0.2903031488023201,0.27018171587152306,0.2657076824374548,0.23972203773862838,0.2273463956066841,0.20556818396106655,0.24724778370069525,0.24008271909094414,0.19712859207597894,0.217232891444693,0.1796705245602576,0.21370556775290284,0.21986724014036674,0.23206674192214646,0.20660260536889022,0.2333074386272934
G4,0.3212780448493307,0.21325073508569592,0.19985101620707518,1.0000000000000002,0.22103310329743783,0.2190382426324719,0.2214781995116293,0.19849613689437656,0.26534702437477287,0.21545512369126582,0.21572221635605388,0.20250813765890244,0.2253659680597664,0.26115495307557074,0.22922714382132803,0.2847151156875134,0.21773893804452563,0.27823542213765273,0.258629128864929,0.28628521096597753,0.2048802457938014,0.2849092638398241,0.3123340324325709,0.2570799604389526,0.2509525120443169,0.2639639318415427,0.24729281568101338,0.2237432479793633,0.271000143963883,0.18372973220638084,0.23260549870777275,0.24304114130019208,0.18953065998319107,0.25596230795417335,0.206498546911524,0.3008346706958321,0.3024087415616515,0.2704691504445706,0.25712564076768823,0.2610976665580716,0.2779758087832054,0.21546037417995656,0.20816492172160397,0.23220609385654983,0.2618664502793717,0.21120120133342954,0.1827724438672806,0.20429687332201088,0.22641808503896046,0.24358774836205818,0.2811556805397346,0.17328344910463866,0.25594081005033126,0.26463501572691894,0.23680539359108702,0.20743840750308845,0.23668264471765527,0.20032031746358414,0.22431025426802417,0.25335304490955146,0.2289690701775437,0.20818452596890158,0.1947523478555874,0.20890641238998212,0.2566323688209509,0.31011269477275055,0.2144353976738602,0.23751786671529218,0.18828507010016676,0.240358108404619,0.2256578821253331,0.27597454899392493,0.19854717444092504,0.19774063810974327,0.23743277391469483,0.21761501299178118,0.1908971413571345,0.20740170509333902,0.20679859158686967,0.18849440761240052,0.25629732654474996,0.3215120830540535,0.26863579181621033,0.23839766266432874,0.2154907753521329,0.24180202379197613,0.1941093298728273,0.24065029642103034,0.19379225770773226,0.20909923742147155,0.24855743428119878,0.23564290606491095,0.1889547486907688,0.20516621886548583,0.22451400879671035,0.23496030515074573,0.24959778037920285,0.21494478367225245,0.26729718319198287,0.19659483292655752
G5,0.2555541450542653,0.2865389455605493,0.21704776295077619,0.22103310329743783,1.0000000000000002,0.2586412483875848,0.2504443882510698,0.2809582498714582,0.34157858420711906,0.24270523312522907,0.2830916280856106,0.299014916269574,0.33068533901822156,0.2674678701880031,0.2992532954713993,0.2544704034016883,0.21473225475938987,0.2892561116456642,0.2821899445251947,0.32600005012866184,0.23691179411272692,0.2945693641209205,0.3296969917989738,0.2311813138327206,0.19653618592031175,0.2380592416798888,0.21542861982893363,0.2053832073796464,0.25533218973297894,0.30234823148169276,0.3488915335503611,0.2317716046938666,0.20962004184091884,0.23571118861792315,0.3069283783916253,0.25576438915301153,0.29677978204593547,0.26686413773194284,0.32348057948364595,0.26238797773916783,0.26642868914522005,0.360806028758393,0.2639585776200496,0.24144604154720758,0.25361498068532806,0.2757617824230091,0.19084974546699296,0.2629140738884186,0.27481885226718916,0.2402096120358635,0.25432368728736265,0.3196681365955522,0.3045860476938974,0.2592295209778153,0.250926753943492,0.2520021272785249,0.263481256895364,0.303075790107365,0.2370218136331276,0.37561529996628573,0.25142108940902325,0.212194882186912,0.28275511713921353,0.20916626401650082,0.28546404916033297,0.30340383427427337,0.3063796554014038,0.26368335822181416,0.2450252050766547,0.3350236095602055,0.23149997069365386,0.3771839373157309,0.30200399971920766,0.2964821957751643,0.21154815882126907,0.25845288463461635,0.20645581744931696,0.19551374501477467,0.2544829744292872,0.23820389103947304,0.3907495000590676,0.2899973023032041,0.4021311725488585,0.2905846830653938,0.3142891611350543,0.27273401043015855,0.24330011329623627,0.21121511535140106,0.23472876758450048,0.2516236143701869,0.26781567284425045,0.2980154714964732,0.19326391363485265,0.23547484157165566,0.252697099038194,0.2302655292401699,0.22645057557739293,0.2869750552027535,0.28107341276720427,0.19755754267641326
G6,0.23435422309338072,0.20285104481669164,0.2286422565182049,0.2190382426324719,0.2586412483875848,1.0000000000000002,0.18589570855578916,0.21963322544806788,0.18822327855671228,0.1786098961550755,0.22700498582866704,0.19375796307300333,0.2356237598524394,0.21917919662816315,0.239286801911928,0.23094621073501143,0.22551495335506044,0.19454888019452116,0.18938456757732297,0.22510600683297532,0.23277400144808263,0.19098450681707613,0.22981576143711002,0.2554456243611182,0.1966623617180927,0.22159496252439523,0.22395498263036095,0.19236656312907022,0.19916749376215143,0.21292069084320267,0.22917060821874208,0.18917115463520018,0.23579313768035,0.19554509380264182,0.24067961036858576,0.2211866647946096,0.212971102156776,0.2123862194123774,0.2338241307091602,0.23970886531376195,0.2438490108747731,0.22344098809548377,0.1897766282356821,0.2021364467009133,0.21170983654068296,0.1852781423657598,0.21387799908846375,0.20897871868360707,0.22993651765009487,0.20443898004311517,0.2227303979826355,0.2787347222667496,0.21576021045267618,0.21845683663948084,0.19089382228392204,0.20554610750920818,0.21781093225201856,0.2219238990852186,0.19234032244438118,0.22797234842705735,0.20079856439152038,0.22998143931087658,0.2401144785138837,0.2273528055029756,0.19071448074558792,0.23626871400067168,0.24857724283180663,0.20880806203337426,0.29859766961738365,0.20541070269181252,0.19768495405595687,0.20658171976349757,0.20463427365666306,0.1710560982875995,0.21198394475032073,0.2284159026035612,0.22703922673478602,0.21726770887331878,0.23140451680589302,0.23600803395053666,0.22319726028024403,0.2157010592050652,0.22486918435745396,0.20053855732118553,0.24187224126833648,0.1951965369414449,0.1825220452029662,0.20332073619905544,0.18711698374912122,0.18658844430288107,0.2084138086031806,0.2484006611578564,0.20259953632587843,0.16288210623416097,0.20009152808175715,0.24120931050805894,0.20828117479504468,0.24198739345845027,0.19060598117930685,0.2151968277472433
G7,0.2315510684403015,0.2806141890977418,0.2177127321644141,0.2214781995116293,0.2504443882510698,0.18589570855578916,1.0000000000000002,0.2741077324422575,0.21177831665392585,0.24511539664369217,0.21724743588764386,0.20856980833399413,0.3020513458962448,0.2614999564242947,0.2049649840836465,0.2612479982465765,0.22091674864874736,0.2569556109063861,0.2903425768808394,0.2212638744794608,0.19569900277081168,0.3069294064711539,0.21983176982736213,0.2571321744247784,0.20572836380197176,0.1845128890526439,0.22296567612052115,0.2209914621292346,0.1727565569187919,0.21096162132857846,0.2640499284756786,0.24155686517310548,0.18893436015314613,0.2227063391554777,0.22990907819286927,0.24846299457020687,0.27486952687685245,0.2201138508814677,0.24418980280873612,0.2139447385431388,0.2248944406957123,0.252547390821067,0.241351141428688,0.19826974455806973,0.18334006776643974,0.26685263787813984,0.21039734553847547,0.1890931162716518,0.2679254346626667,0.19944815061752713,0.23680393293053398,0.21561178768749348,0.21604336389916218,0.28724733415704246,0.21926292285547375,0.2336391284677394,0.2591567389800722,0.2202688280138349,0.21536765731504826,0.21012463918464572,0.2565212339248603,0.2556233306077443,0.19895303433370307,0.2150998817129789,0.23596082719004802,0.25428829699482025,0.20135096272885128,0.21535285818432204,0.21926974906686328,0.27067377424420414,0.211055784957073,0.21460408149306773,0.23923397585818637,0.20348116501803046,0.20270833014444778,0.2103630497363521,0.22411237652467245,0.26361101509602786,0.20098671057900472,0.24583058620474774,0.20568314381459718,0.21262828717064647,0.19179818915361477,0.2165946056347262,0.2548632426567299,0.24193584287473613,0.2278447137542199,0.223839762096956,0.21621693046029128,0.23349666322202453,0.17399034592733706,0.20194076229482544,0.21730245018940364,0.19558368195112238,0.22837496712208827,0.23639913911689744,0.19718743737476593,0.26757265941745556,0.18455868038330814,0.20120297540982018
G8,0.30119293633600175,0.31152427085511514,0.28183707221278975,0.19849613689437656,0.2809582498714582,0.21963322544806788,0.2741077324422575,1.0000000000000002,0.2402559631634268,0.3150917277692004,0.24320787970120672,0.33766734709946994,0.5765042949460557,0.27757565826118835,0.26979678358650805,0.3463126933361056,0.2886266223546744,0.3220323905864629,0.5378858402378771,0.35645992434343926,0.3509052879523561,0.5328496366483242,0.4536050911780229,0.2917632898976287,0.2324225829541268,0.2813715650569948,0.3458164683738218,0.3024066657370335,0.3109349006717049,0.2744986744839755,0.3150581290219181,0.1877154581406456,0.20903572036782433,0.3348622584817109,0.2599729862480286,0.5557375423079506,0.24696786412908736,0.33053964416229914,0.25517911221060474,0.2320468721519634,0.21610280136732335,0.3620711194205551,0.29956520430090244,0.26493587286866943,0.3945305587914989,0.22582420984621032,0.31908175015963824,0.45324699692821774,0.3710194552048848,0.3507855621688056,0.48448878877011625,0.34097462567060566,0.30088447368699106,0.25886500702303167,0.2403870434035135,0.3590355680309015,0.29494165433699604,0.2698949421043074,0.195408772787541,0.33991773400307246,0.3726199204294577,0.26473863792154795,0.39058467692015914,0.2832021834899485,0.3035857212876497,0.3299082163678294,0.24511703320499212,0.40210194851892295,0.2723027290337195,0.33439451040326323,0.19676658121460375,0.3135931463956448,0.2490574014692296,0.26118845599901974,0.266411487001115,0.2849152366825293,0.2141953346501443,0.2861174593264448,0.25227607033323857,0.5056975639254789,0.2737439163437665,0.2598119218483182,0.2547844179533706,0.27842643386861105,0.37166025346386256,0.4711120990076366,0.4768047592486953,0.30473294182028854,0.2904365755605311,0.24146308437893627,0.2844399315248822,0.2311940517245162,0.2632145457279238,0.2248852726804128,0.22552804385686034,0.17707029501406676,0.2119565831145107,0.2133442418659127,0.25086224196440027,0.1896559851340844
G9,0.23358149879611792,0.23671648230611889,0.2551650212719187,0.26534702437477287,0.34157858420711906,0.18822327855671228,0.21177831665392585,0.2402559631634268,1.0000000000000002,0.3430019763979741,0.28958975770959644,0.322969396474853,0.2614428169432551,0.21873735367626426,0.261707324604642,0.3079589225541777,0.21291905174251916,0.22430847487140498,0.19309016666691822,0.248527294701979,0.24028875525865798,0.23938820662628138,0.4744633046630878,0.19941051765916948,0.17803476824222494,0.23195408896630956,0.24005270020256458,0.21906201943769962,0.22856977965464226,0.19615361433486966,0.2134828516964616,0.25299598005598506,0.260727712116419,0.23878463164805785,0.24793623849809834,0.23612827167685166,0.19585880248896462,0.20382516376069343,0.19659631776958006,0.1916552931417119,0.22583272937339965,0.227318622599212,0.31031453993440505,0.21296183819101092,0.37889114607446867,0.22617623170204634,0.2271846186657411,0.25910094241212994,0.22043296228119094,0.22739982006103338,0.2657078460536486,0.2106748362767312,0.24563418890352978,0.21691565106016822,0.21271437274109847,0.21634022677892478,0.24238072859194132,0.2718541570637946,0.26062098289803187,0.23582048861254243,0.24047515660347293,0.19549533995604962,0.27733586525005127,0.26018163019479057,0.2894976651604184,0.30659140668492324,0.23313175187934662,0.23240201375350136,0.17574937675291935,0.2538581138663448,0.21424288335871086,0.18492301199446898,0.2097306985900521,0.21936668434307152,0.18655213470781584,0.21486381687264264,0.23369959335584803,0.18693122030460024,0.19603021467353007,0.25913400820414617,0.2624673400649129,0.22115285428828477,0.22364924691186475,0.30187493769418217,0.24953823580309553,0.20948975050527774,0.23644521052812176,0.18553645845838185,0.20257777383157624,0.19781620389900342,0.24934195093335507,0.23346912818581947,0.20522386158604897,0.1952215817275203,0.24975157645229001,0.19674976538100852,0.22330516534902256,0.2188996984735875,0.22835121729612642,0.20981369723106638
G10,0.243588801036657,0.33202384048636163,0.20649581225641417,0.21545512369126582,0.24270523312522907,0.1786098961550755,0.24511539664369217,0.3150917277692004,0.3430019763979741,1.0000000000000002,0.2621457824278655,0.3310616935653759,0.3390891547735216,0.2746967296599955,0.19686976862864058,0.31805450697421306,0.23662400126324626,0.2628338000781669,0.2879606364650745,0.241208370009345,0.3027137454262649,0.3418490209453526,0.4232737109532277,0.23742565053121834,0.2742116405414414,0.19121954077638204,0.18598417286894958,0.22731578853436407,0.26810270475909104,0.22111493478608313,0.2724630240444327,0.2777829734732633,0.20613569002734583,0.2877781798586793,0.2585739925633814,0.36090424477462557,0.2103409171833374,0.2521570033149627,0.21854354904576115,0.2281328522753159,0.22463413896799633,0.36083049135456713,0.2314469373303842,0.2100242834053493,0.2326200701221658,0.21598935261369914,0.20163497346920886,0.224947171727616,0.2700793254154995,0.19173238624366268,0.25085576302453355,0.22954184154846335,0.2504947789095335,0.21155130977691225,0.22957059078597516,0.22636317665723094,0.33081436023648214,0.288905690845427,0.23122112824988092,0.34401501303267207,0.31763211414165476,0.2186811207418516,0.19717513884629825,0.20560527101909068,0.23667734723492934,0.30992266331079793,0.4083712172756592,0.25844602298050556,0.21883779216818453,0.25294519779697455,0.22636392380400622,0.2676086758023659,0.24698375192097843,0.2693141400680022,0.1873892738304122,0.23466371573461572,0.21199308200733746,0.26907046556214426,0.2735613230383615,0.2353213914844137,0.29472224646305534,0.26952106307124324,0.2722029312041276,0.25501171599704703,0.2508533999886895,0.25952671654094644,0.24849719534650633,0.21630373794907984,0.301818107341805,0.2637861548670933,0.28633199126207864,0.2655845745689294,0.217485902660494,0.25977128932612525,0.21070980488037044,0.18322399792196467,0.23744968412547007,0.22040182153938015,0.2246072563988677,0.22356503823932355
G11,0.2392144068356295,0.26092957934465494,0.21705827298581742,0.21572221635605388,0.2830916280856106,0.22700498582866704,0.21724743588764386,0.24320787970120672,0.28958975770959644,0.2621457824278655,1.0000000000000002,0.33711567946878956,0.3119085086932984,0.284545727047291,0.24747120637643324,0.2855676827254968,0.24414122173002234,0.22705257469291493,0.26700955141044647,0.2881625005427871,0.2658844038004056,0.28384620454316606,0.35527934051956483,0.2572163762522412,0.2035424995391154,0.24569958774903858,0.23862156968980677,0.23496470106830109,0.24358458972050198,0.24284151105470597,0.24112894701417306,0.2787795205167327,0.17350117990955313,0.2907750296241038,0.2832706826509457,0.25563790187053387,0.2761093433622294,0.25036790950523663,0.2749511307590908,0.2760033641088748,0.23897692906018655,0.281547417948785,0.22471681973364394,0.21040640718963627,0.2568981027078168,0.25085146126050767,0.28069374902913047,0.25613780297909006,0.2906614161608913,0.2866103343207827,0.26858370311720176,0.21285855571360102,0.34427615394850614,0.2894999450661565,0.2358013927973923,0.2621821735015017,0.25749853428341485,0.28038777905035694,0.22683393390742654,0.2852789623754152,0.3568066898019712,0.2630467118082125,0.24708231959989554,0.24704302350904922,0.26818868230274523,0.31762217822959304,0.2502312071745876,0.223758627642924,0.22475790222665773,0.2833330282308581,0.22140154879303456,0.2680811677000414,0.2341836285951155,0.2239245493433752,0.21223599691977582,0.24517687673639119,0.23444567941376993,0.20130328477982848,0.2111558264743554,0.2508399666426986,0.2981676002363094,0.26462206598002896,0.34287610921702005,0.2509762681146242,0.23884450918883207,0.22590802919267103,0.253556716614011,0.19946114910661641,0.1838736476298646,0.22478311942731447,0.24690511776977428,0.24915046471909932,0.31385455429759845,0.3060755194398683,0.22095391686238033,0.29881336743045683,0.20848375026394414,0.22310036548117293,0.26145708913152604,0.19419729049659853
G12,0.2892774973731744,0.2500423349272774,0.1921490844759345,0.20250813765890244,0.299014916269574,0.19375796307300333,0.20856980833399413,0.33766734709946994,0.322969396474853,0.3310616935653759,0.33711567946878956,1.0000000000000002,0.2717010225905448,0.19819022986823312,0.21443572660558288,0.26595118998113304,0.22029928218989545,0.22014385680174683,0.3920869686690595,0.26446754868818395,0.3210935491263205,0.40173311529188527,0.34800512828795893,0.2733644835704745,0.2569675244078437,0.192574908898037,0.21579304245436334,0.19644553438935997,0.30634087464671894,0.3080595903932411,0.24384345650157524,0.23924607603816772,0.16543513813375776,0.28518468183648293,0.2755598096164226,0.36539147764229835,0.27203883193949413,0.2811455734251241,0.17827569770670218,0.21808776314781111,0.2669425249285581,0.2272188097664752,0.23060129070427207,0.21024555283065202,0.22296640735671963,0.2223081809098103,0.2437691462409953,0.24355340544833526,0.23013079044454063,0.2606648216489782,0.2388872949915095,0.19046993185650385,0.2712947312859463,0.277221500626189,0.27214526961596264,0.300802010308427,0.2504185663991915,0.36729976982028023,0.2809835459416391,0.22598470169099816,0.3485165673309911,0.2919325320150151,0.27083159762539327,0.28262749284719435,0.2683406779389388,0.2818895290264782,0.1871850347370356,0.2195454843590856,0.24954135576362696,0.2946130780055987,0.21305042418823167,0.24908443406992636,0.28877880210336837,0.23128595921360323,0.2479641328823527,0.26925859774596,0.3007284876102668,0.2293256624491256,0.2721400472363716,0.28433565902862196,0.20715328857195806,0.22288852643043663,0.21151241425098985,0.38876323421166775,0.48592005650391346,0.41574878802222065,0.361820006729423,0.29573024447212787,0.22778987739369286,0.26955045049114246,0.2171793427261365,0.190713903402204,0.2557724817624881,0.25527298442422236,0.3679045217962924,0.2284686518819361,0.1882998343638055,0.2611000685690654,0.24582264657734185,0.19859574753617473
G13,0.2795842486401706,0.34068066731311364,0.281084790862316,0.2253659680597664,0.33068533901822156,0.2356237598524394,0.3020513458962448,0.5765042949460557,0.2614428169432551,0.3390891547735216,0.3119085086932984,0.2717010225905448,1.0000000000000002,0.38209594415661474,0.291356635524583,0.3314954012949336,0.31353605397385625,0.27431941616672,0.49855401315572156,0.3779221443003671,0.3418744944464525,0.7276619630347011,0.5886052935957499,0.35389371662661656,0.22651746763820116,0.22350714926078544,0.32048869974361155,0.22170601071692048,0.39716740642849163,0.20041721203982715,0.3346238866761766,0.2827588756613151,0.2264364300406996,0.3689386252459372,0.2457217760115669,0.5832890149600092,0.2629852989919098,0.34087214553901046,0.20332084354271918,0.24117064736259014,0.25546765734308996,0.4281801760696226,0.2351148625455015,0.22266287893559025,0.36723898587332954,0.24834023688253015,0.38370244379642865,0.32981405132012803,0.33824255622630633,0.2706128994311923,0.3750982244405601,0.199219227770339,0.3380451577128232,0.32033318625548507,0.2561216569028547,0.5171693020421357,0.37029203338878436,0.34589951268067304,0.24333124500377346,0.3611458422616599,0.5434396880660647,0.26002046983965704,0.32116338549130263,0.3016040287927134,0.4069720391782692,0.32312398260737835,0.3258942524617054,0.28801364092310583,0.23428124161020122,0.30965688971285293,0.23986130263728195,0.4061220340635568,0.2996753176928733,0.2104402788451764,0.2705980530913913,0.3029781533940702,0.1994695972595066,0.2597513240762212,0.2528626849181039,0.32867866040893895,0.2713553714390455,0.2999303632688346,0.2807827048311786,0.2722374845127794,0.41676743602805577,0.4533638958238117,0.5025070616727016,0.28892899901842706,0.2029694372576919,0.27507992301923884,0.21155505566864724,0.2544792016197535,0.31797538748982696,0.29979426673840326,0.21315921165631052,0.21595492287131596,0.2117112524244691,0.267576361920415,0.19926553728445037,0.22178925918809564
G14,0.28134165137628897,0.3011010072412466,0.2685057634661321,0.26115495307557074,0.2674678701880031,0.21917919662816315,0.2614999564242947,0.27757565826118835,0.21873735367626426,0.2746967296599955,0.284545727047291,0.19819022986823312,0.38209594415661474,1.0000000000000002,0.3129473867775226,0.20440629446996955,0.2920359770054042,0.24389942319573066,0.2588169258722833,0.18224675771271523,0.24743437528266626,0.43463354647147784,0.28182875459333995,0.28890542198521174,0.24761844858905535,0.24762477852908665,0.2662668724452005,0.18843505765548366,0.32168938376447903,0.25564441567513496,0.2082339404470535,0.1983486453901746,0.21882111164948298,0.2760454295267298,0.19627380443220965,0.4237784071484222,0.214543966475312,0.3428028699629668,0.30084409524887873,0.26849258109423746,0.2470436772672233,0.2623234671613777,0.27558669605486086,0.2047919978216054,0.28695922176396094,0.23482179066518533,0.2874639836852379,0.227623801472356,0.24072787338490306,0.3091349449043997,0.27470677968711454,0.20239299367267966,0.25346173174645564,0.27149212161924774,0.3008181387134933,0.3876646619042321,0.40691287237762586,0.23827304985435332,0.23173462411347262,0.22287953264259522,0.36662961099183344,0.26544619132878344,0.2373180036637591,0.228376606981126,0.3071462767816643,0.20203032013179886,0.2520333805480363,0.2664116724950813,0.25640001157636616,0.2922629231621313,0.21340116302466816,0.28954484049014106,0.22743689087407523,0.19593078508288772,0.17928146946246332,0.24305424844626458,0.208181215157402,0.23398637898374922,0.19623706415519324,0.24801278710120064,0.2237132050716369,0.3176665723220861,0.26226091607269014,0.23142084635074248,0.2652074477735747,0.31189237864959235,0.3816518410207179,0.3099021727813516,0.22481431123731385,0.23132668317806238,0.22148930459588223,0.20817063600079425,0.3034914132794469,0.2685230909555559,0.2812393721978748,0.2084044986613964,0.22411382719659806,0.28801514477139895,0.21884251025831772,0.23225191675493576
G15,0.32007944588178067,0.23740657050581432,0.2660952066077921,0.22922714382132803,0.2992532954713993,0.239286801911928,0.2049649840836465,0.26979678358650805,0.261707324604642,0.19686976862864058,0.24747120637643324,0.21443572660558288,0.291356635524583,0.3129473867775226,1.0000000000000002,0.2677798651265956,0.2875196401925987,0.23646594468143195,0.266475807105825,0.309898886688763,0.2575964262970526,0.45096969275471627,0.3248173407868886,0.25630871035463354,0.19129605102590153,0.23154943706148698,0.2556152888563905,0.20646967254996815,0.27160746333746666,0.28011020194069625,0.20968463667999027,0.19510244911113891,0.23701218429303833,0.27061628297000245,0.20923865297844943,0.2576299607567945,0.33519708336529985,0.297991142946312,0.2631794652147703,0.21897018976030608,0.25944513837733585,0.23341718065254616,0.2834501096154337,0.20420020988137252,0.22859015732713855,0.2240469161880958,0.2750141257769456,0.20980764593814813,0.21432388026778257,0.28788928803673736,0.2677743665881733,0.24067506472363323,0.1747397241944038,0.27740781199744247,0.2249598172479898,0.21345769162697723,0.2620899892547665,0.21911053846594397,0.28607585954277986,0.2131164789752198,0.1956880295370546,0.2654409286594606,0.21907282079060766,0.2568864850306672,0.35437950548390396,0.24180566121459685,0.22971536163755127,0.2658126418554882,0.2014271546947958,0.2959408827722385,0.27529457468934865,0.3268168062408222,0.235584243294246,0.21113298579510997,0.24517593736837665,0.2853322982120082,0.24067852931228736,0.22053421055656242,0.20275791323257966,0.25004048124390443,0.20508589510002248,0.2739685708397703,0.1925492055869462,0.2720500372975025,0.31050964982329,0.26711253626456555,0.29227984691650755,0.28743657923019567,0.23940566784591696,0.20000159758377378,0.22172499417219801,0.2334126889563618,0.2779024983511764,0.2487308404194887,0.30263639253401475,0.19685270279496384,0.22401072347946335,0.24456069223620244,0.33827999902667943,0.22929405416011506
G16,0.2643022864931247,0.27421135551531184,0.18856464951428045,0.2847151156875134,0.2544704034016883,0.23094621073501143,0.2612479982465765,0.3463126933361056,0.3079589225541777,0.31805450697421306,0.2855676827254968,0.26595118998113304,0.3314954012949336,0.20440629446996955,0.2677798651265956,1.0000000000000002,0.22155822790323942,0.30563029465689223,0.31631894979205355,0.3777362212181488,0.23270909770807657,0.29630474966905956,0.33764236566744055,0.27571628461506936,0.18480837147723772,0.2162570460589699,0.22970674961119514,0.22068025347995165,0.23471528936770672,0.20837856146937453,0.2984924029695418,0.2149250535316321,0.2523569590267616,0.19908398126801824,0.23007444351408524,0.26771533469077075,0.23649679469996795,0.20061978643575107,0.2595371478893861,0.24045942388959682,0.2490440596981836,0.3117179327760981,0.2631460943614209,0.21331955089111979,0.2387043793053338,0.18934650581067544,0.236473364795597,0.2792363802229211,0.27890243988160524,0.24578782358788479,0.3043792035939599,0.21834787675917788,0.2938313833348647,0.2564603050574949,0.2619641302549428,0.2613837563734054,0.27890631557483125,0.3204004286470085,0.2643116972795165,0.2762840182828394,0.2960295126284213,0.27470203788664455,0.2751024394310097,0.2588915345149181,0.3943887852230036,0.251933850207055,0.2439154090750086,0.2642518064709254,0.21168709163204288,0.23647504689152166,0.233497233822232,0.3731929622310988,0.31438073046417936,0.22493577984514296,0.2570839316884456,0.22115402063471137,0.23338082157638787,0.24150634319837913,0.24451823629518332,0.21060189106098134,0.2576321576123463,0.2855721920764845,0.2713642472155954,0.22801719894747477,0.28005889282565544,0.30819165612433785,0.28071696722459116,0.22657112997709944,0.24195828489993346,0.28601453841141916,0.23025031534234636,0.21342265911641325,0.2194222762491256,0.29853009615384324,0.22221172751460674,0.20861044162239528,0.22324272803473888,0.30674024530758254,0.25878484345518626,0.22523704925282456
G17,0.2072212791470784,0.19598754432267151,0.1881432440584876,0.21773893804452563,0.21473225475938987,0.22551495335506044,0.22091674864874736,0.2886266223546744,0.21291905174251916,0.23662400126324626,0.24414122173002234,0.22029928218989545,0.31353605397385625,0.2920359770054042,0.2875196401925987,0.22155822790323942,1.0000000000000002,0.21071312456981806,0.23216380525258945,0.26034207250566516,0.2765621008195735,0.3259427179349953,0.29513525083125886,0.34994052720896013,0.24435966231566045,0.2714632942549621,0.2966979384230693,0.2763482110327748,0.24588318891325694,0.173527472357706,0.18002269775783963,0.22803591641496734,0.2639120007635549,0.2575907656489302,0.2289916286166836,0.3203915277415671,0.24022332845857627,0.20632943867368608,0.22849724918876987,0.21919231925963412,0.23742087580532545,0.21771087557207328,0.19627964897622768,0.2160356102770314,0.22013999569185005,0.216346091971102,0.2364502305390278,0.2702312245347483,0.26034947107167555,0.2621245799667973,0.23265873656963468,0.24986680880187528,0.24744804732868358,0.2746962872073224,0.20824846705734992,0.2518913285528654,0.27107286303575934,0.19719544727870172,0.23205388762958457,0.21749242460445856,0.25572266057756676,0.2695775286393808,0.24390847692979725,0.23752832872880703,0.2704461284642095,0.21107050018120033,0.20677745705161882,0.25572832305521104,0.24718822435768822,0.26247824003753206,0.24572237514524778,0.2611166684323532,0.19773226653776912,0.2109377390209142,0.23558743500189136,0.2154218598964607,0.2446605335005988,0.23995097682136501,0.21454099143744945,0.2708312497991219,0.273591319506382,0.24367539937675814,0.2213090314635691,0.20786092740332363,0.2694244937659618,0.23487608637848148,0.3311085154966091,0.2235490794228426,0.21732390406116323,0.18881951621515505,0.2008546853463112,0.23687260755393952,0.22140066647919016,0.2480493787730934,0.23375020165395868,0.24361820298711848,0.22990817725082616,0.22558480715787121,0.24647304737350967,0.23515324043078317
G18,0.2751979783065116,0.21568063168871535,0.21353356783086022,0.27823542213765273,0.2892561116456642,0.19454888019452116,0.2569556109063861,0.3220323905864629,0.22430847487140498,0.2628338000781669,0.22705257469291493,0.22014385680174683,0.27431941616672,0.24389942319573066,0.23646594468143195,0.30563029465689223,0.21071312456981806,1.0000000000000002,0.3510705271655075,0.3091000147936203,0.27674667383888846,0.3222609421896008,0.26384342949579825,0.2601416393123798,0.24526591160759414,0.2317490291580303,0.1994963934138234,0.23410190781792875,0.2566368027308036,0.30313140534821764,0.26416901530032055,0.23734651853250235,0.21026329629267815,0.26239910268353717,0.22122388460347042,0.26141643938409503,0.22038061424640332,0.30404944504728687,0.3393942046209493,0.24017724068927876,0.24497782200112062,0.23081146713530498,0.2506991570308974,0.238751403257969,0.2691179569883722,0.2891108113808443,0.23114659108335636,0.34858753652841595,0.2831352833866053,0.21630997407112906,0.3328854172068893,0.2502094459774756,0.35939286045247504,0.2609842833225651,0.2529670512664167,0.21438348087853462,0.26241160182526535,0.23576824552398037,0.19816869962823794,0.34699659811167444,0.2935526287719151,0.24420618891137852,0.21398574442722948,0.22911320370793006,0.32173591357460574,0.2351147880030129,0.20760129086478252,0.20159691575096622,0.25193907400279303,0.2377125685845257,0.2272132280786025,0.40142266036286367,0.3109449627571325,0.21284963958567696,0.20760039830171917,0.2565947580360729,0.18435619163929987,0.22779304028178984,0.2423744021753869,0.27651185183439486,0.30286721934999467,0.2396033591921982,0.31051238166338596,0.2832180638629692,0.3077023604320001,0.40679775282207353,0.2576177711639723,0.23843605175353774,0.21308356123259997,0.2317389002401107,0.23254640824884168,0.23712472684172237,0.2524710123136902,0.2307051330469662,0.2279087085281953,0.2362581409042969,0.19434609395036995,0.22438735112434563,0.28004125335701635,0.17547694104672673
G19,0.31178178093964726,0.3437113735719943,0.2424300442727894,0.258629128864929,0.2821899445251947,0.18938456757732297,0.2903425768808394,0.5378858402378771,0.19309016666691822,0.2879606364650745,0.26700955141044647,0.3920869686690595,0.49855401315572156,0.2588169258722833,0.266475807105825,0.31631894979205355,0.23216380525258945,0.3510705271655075,1.0000000000000002,0.3835365981329495,0.35822286941598697,0.6158308892676841,0.38076712757298914,0.3395439924452376,0.2423489745470407,0.2279927819228291,0.24801475141796206,0.224116561899273,0.3157505748600559,0.23374672242014066,0.3573081366402864,0.19107081566948694,0.22758205391242564,0.2914050330459191,0.2740050082159104,0.5186404805519076,0.17779799967758786,0.38281310171903066,0.2624079129229062,0.2249047219566803,0.20991341197697802,0.2970846805213553,0.2132183888040361,0.2617100501589568,0.337360451030178,0.23507858115770988,0.3731735159831815,0.35694335926431026,0.38467416615381494,0.32510169592238675,0.41804280554363166,0.2904418242901791,0.24788080430790924,0.2581108626673191,0.2782835444341286,0.3083856544700185,0.25137230701789187,0.33801287247812306,0.2135639864966107,0.3812171264835011,0.4186222057853621,0.29229122979882216,0.2576409080368055,0.24922989699371212,0.25047056672578893,0.3176456643772522,0.24199674582814654,0.26836623505714396,0.3558556110357574,0.3649220737206873,0.22438860775263997,0.28189833465818587,0.25602094215812754,0.28493997959821477,0.23444583301312052,0.22146687039569626,0.2433929290905582,0.2670496174390892,0.2969295708961148,0.30899113585807203,0.24750894586057304,0.21786724117140535,0.2399218569535198,0.24458641832784145,0.5631428659670468,0.645723489783543,0.4838118419653217,0.3106954934033032,0.27623540358478016,0.3257210864524983,0.22555224783024697,0.23065923214912562,0.24691731760646654,0.26643942402109716,0.2797214665942553,0.2205864507508139,0.1683703509763081,0.21535689153723922,0.22363408014262898,0.18265034648648698
G20,0.2769180654845144,0.2440118020996923,0.1883206394044388,0.28628521096597753,0.32600005012866184,0.22510600683297532,0.2212638744794608,0.35645992434343926,0.248527294701979,0.241208370009345,0.2881625005427871,0.26446754868818395,0.3779221443003671,0.18224675771271523,0.309898886688763,0.3777362212181488,0.26034207250566516,0.3091000147936203,0.3835365981329495,1.0000000000000002,0.30909204022232295,0.31864602377708034,0.37321631392497234,0.2818053699405132,0.23041497361133656,0.1871404234839746,0.2729231810872778,0.19497716228768153,0.24170068993358412,0.2443019942194368,0.3359418265907289,0.20406612938425625,0.25711507841566345,0.27184197807727584,0.26887278411126275,0.31483070280563163,0.24571494120294765,0.2276011345877926,0.27909980009968055,0.27077539311195464,0.28390203635536326,0.24346386957869975,0.27886358582550563,0.25657755406437416,0.25386496257036023,0.23148626732206332,0.29066578872239707,0.3198416144520772,0.3080102875767584,0.2500867353349415,0.22971551875312232,0.20656233868130147,0.22325381546732836,0.2370687605364003,0.2584406294152087,0.26524662330749443,0.22831437697434465,0.3311944012511469,0.23762220265083678,0.29640245199067194,0.23823162323523783,0.24779312936681588,0.1950859193153027,0.2057644249782458,0.2126914588655168,0.33732947479448716,0.23851156126660455,0.21190588197874768,0.3706459629019785,0.3096158430245966,0.19366807283101783,0.22726586806114618,0.2966680101504008,0.34504966992456415,0.2760045788269415,0.2453071620190445,0.19104826392521596,0.3090135794101695,0.2698255418549424,0.24546962596688485,0.24705664916843528,0.2505382936196138,0.3451126809582196,0.28920708154400404,0.3346002223364595,0.31190070105548573,0.25342028132064937,0.2538273865455116,0.2465079095641791,0.26126109948927134,0.2801797332789106,0.2406706573250548,0.21831693697494564,0.34346840346666874,0.2809325351821567,0.21818814764265584,0.20144905840031715,0.2658147076969109,0.27356969774047196,0.19653077424743642
